id	num	neg|score	neg|p-value	neg|fdr	neg|rank	neg|goodsgrna	neg|lfc	pos|score	pos|p-value	pos|fdr	pos|rank	pos|goodsgrna	pos|lfc
Region_379	12	0.00022869	0.0016682	0.393692	1	7	-0.47167	0.64846	0.64603	0.958295	636	0	-0.47167
Region_78	21	0.00022963	0.0021434	0.404673	2	3	0.19142	0.095289	0.12217	0.853191	108	1	0.19142
Region_260	6	0.00026294	0.0014603	0.393692	3	2	-0.17561	0.97527	0.97514	0.9949	924	0	-0.17561
Region_797	6	0.0002712	0.00149	0.393692	4	4	-1.0053	0.99416	0.99378	0.997914	941	0	-1.0053
Region_621	2	0.0006342	0.0013415	0.393692	5	1	-1.6689	0.52057	0.51748	0.953749	513	0	-1.6689
Region_818	6	0.001115	0.0051432	0.485514	6	1	0.48824	0.196	0.19404	0.866965	209	0	0.48824
Region_728	9	0.0012965	0.0071826	0.550324	7	6	-0.78922	0.87694	0.8753	0.988775	835	0	-0.78922
Region_386	3	0.0013573	0.0037571	0.485514	8	2	-1.3951	0.63445	0.63382	0.955787	627	0	-1.3951
Region_71	15	0.0014754	0.0095487	0.610105	9	5	-0.054119	0.77998	0.7804	0.978122	739	0	-0.054119
Region_610	16	0.0015845	0.010153	0.610105	10	8	-0.39655	0.4565	0.45346	0.908854	473	0	-0.39655
Region_591	8	0.0016054	0.0075786	0.550324	11	6	-0.7178	0.013308	0.01933	0.638488	28	1	-0.7178
Region_812	3	0.001613	0.0044798	0.485514	12	2	-1.3676	0.36184	0.36125	0.88422	383	0	-1.3676
NA	38167	0.0022783	1.0	1.0	13	9863	-0.012673	0.33525	1.0	1.0	359	625	-0.012673
Region_352	3	0.0023931	0.0065193	0.550324	14	2	-0.5433	0.13314	0.13369	0.853191	149	0	-0.5433
Region_611	1	0.0032699	0.0030839	0.485202	15	1	-2.1321	0.99673	0.99686	0.997914	943	0	-2.1321
Region_609	18	0.0033649	0.02035	0.738857	16	10	-0.41585	0.9808	0.98015	0.9949	931	0	-0.41585
Region_402	15	0.0033813	0.019459	0.738857	17	8	-0.54457	0.98574	0.98605	0.995537	935	0	-0.54457
Region_136	6	0.0034727	0.014489	0.683879	18	2	0.0011787	0.29935	0.29853	0.875543	321	0	0.0011787
Region_366	9	0.003832	0.018043	0.738857	19	2	0.22786	0.62638	0.62455	0.954556	620	0	0.22786
Region_21	5	0.0038973	0.013806	0.683879	20	4	-0.774	0.89427	0.89403	0.990353	851	0	-0.774
Region_121	3	0.0038991	0.010341	0.610105	21	2	-0.54564	0.13147	0.132	0.853191	147	0	-0.54564
Region_836	15	0.0042516	0.024013	0.758324	22	6	-0.22389	0.26859	0.26848	0.875543	281	0	-0.22389
Region_649	6	0.0046498	0.019201	0.738857	23	1	0.022221	0.38301	0.38298	0.886925	405	0	0.022221
Region_539	9	0.0049512	0.022439	0.756509	24	5	-0.44313	0.82204	0.82103	0.978122	785	0	-0.44313
Region_324	3	0.0049568	0.013172	0.683879	25	2	-1.1585	0.31863	0.31746	0.875543	342	0	-1.1585
Region_63	1	0.0050197	0.0047372	0.485514	26	1	-1.9675	0.99498	0.99513	0.997914	942	0	-1.9675
Region_468	17	0.0053125	0.029715	0.825041	27	6	0.12932	0.78385	0.78426	0.978122	741	0	0.12932
Region_875	2	0.0061262	0.012182	0.676471	28	2	-1.1687	0.99387	0.99368	0.997914	940	0	-1.1687
Region_891	3	0.0062407	0.016558	0.738857	29	3	-0.80852	0.99376	0.99366	0.997914	939	0	-0.80852
Region_513	6	0.006347	0.024736	0.758324	30	3	-0.26229	0.91792	0.91823	0.993377	870	0	-0.26229
Region_590	5	0.0063532	0.021211	0.741606	31	3	-0.86225	0.96378	0.96398	0.9949	911	0	-0.86225
Region_738	18	0.0064762	0.036161	0.87526	32	5	-0.16105	0.95804	0.95806	0.9949	905	0	-0.16105
Region_813	3	0.0095189	0.025181	0.758324	33	3	-0.59369	0.99048	0.99052	0.997914	937	0	-0.59369
Region_509	4	0.0097194	0.02825	0.808128	34	3	-0.73385	0.79644	0.79656	0.978122	755	0	-0.73385
Region_230	10	0.01066	0.044982	0.87526	35	5	-0.27471	0.55685	0.55718	0.953749	546	0	-0.27471
Region_840	27	0.010756	0.06596	0.87526	36	8	0.1122	0.60677	0.60879	0.953749	596	0	0.1122
Region_192	26	0.011018	0.063277	0.87526	37	5	0.036434	0.88344	0.88254	0.988775	844	0	0.036434
Region_708	13	0.011173	0.052298	0.87526	38	3	0.19431	0.43618	0.4353	0.908854	453	0	0.19431
Region_277	6	0.011818	0.040071	0.87526	39	1	-0.1622	0.64091	0.64111	0.958295	630	0	-0.1622
Region_938	7	0.012485	0.046803	0.87526	40	4	-0.64938	0.5362	0.53541	0.953749	528	0	-0.64938
Region_830	36	0.012591	0.077326	0.87526	41	14	-0.086194	0.82495	0.82402	0.978122	789	0	-0.086194
Region_116	3	0.013164	0.03422	0.87526	42	1	0.39522	0.30634	0.30531	0.875543	327	0	0.39522
Region_833	3	0.013359	0.034606	0.87526	43	2	-0.67592	0.91969	0.91972	0.993377	872	0	-0.67592
Region_897	2	0.013453	0.025706	0.758324	44	2	-0.92642	0.98655	0.98601	0.995537	936	0	-0.92642
Region_335	9	0.014311	0.055238	0.87526	45	4	0.25598	0.1273	0.12644	0.853191	142	1	0.25598
Region_333	3	0.014546	0.037636	0.87526	46	3	-0.62228	0.98545	0.98546	0.995537	934	0	-0.62228
Region_475	6	0.015066	0.049555	0.87526	47	4	-0.55839	0.93475	0.93525	0.9949	886	0	-0.55839
Region_5	6	0.015296	0.050169	0.87526	48	4	-0.553	0.29392	0.29334	0.875543	315	0	-0.553
Region_15	6	0.015431	0.050546	0.87526	49	3	-0.30786	0.12749	0.12651	0.853191	143	0	-0.30786
Region_852	11	0.015551	0.061802	0.87526	50	6	-0.44867	0.16625	0.16552	0.866965	178	1	-0.44867
Region_266	8	0.016589	0.058872	0.87526	51	1	0.21163	0.0056727	0.01043	0.546941	13	1	0.21163
Region_517	2	0.016923	0.03126	0.843124	52	1	-0.8848	0.75921	0.75643	0.978122	726	0	-0.8848
Region_7	6	0.017757	0.056644	0.87526	53	3	-0.46121	0.87345	0.87462	0.988775	831	0	-0.46121
Region_448	3	0.019242	0.046684	0.87526	54	2	-0.89259	0.86883	0.86971	0.988775	829	0	-0.89259
Region_643	1	0.020046	0.02035	0.738857	55	1	-1.4115	0.97995	0.97986	0.9949	930	0	-1.4115
Region_334	9	0.020299	0.072504	0.87526	56	5	-0.45355	0.60394	0.60195	0.953749	594	0	-0.45355
Region_866	2	0.020303	0.037636	0.87526	57	1	-0.75156	0.61223	0.61015	0.953749	607	0	-0.75156
Region_449	3	0.020721	0.04906	0.87526	58	2	-0.87778	0.94963	0.94949	0.9949	897	0	-0.87778
Region_731	3	0.020814	0.04914	0.87526	59	2	-0.8828	0.30883	0.30789	0.875543	330	0	-0.8828
Region_326	6	0.021302	0.065732	0.87526	60	3	-0.28561	0.55998	0.56038	0.953749	550	0	-0.28561
Region_565	15	0.021361	0.091542	0.87526	61	5	-0.1315	0.80058	0.80131	0.978122	763	0	-0.1315
Region_122	6	0.021384	0.065921	0.87526	62	3	-0.59185	0.57409	0.5744	0.953749	555	0	-0.59185
Region_914	7	0.021504	0.070752	0.87526	63	3	-0.28564	0.65397	0.65368	0.958295	641	0	-0.28564
Region_702	8	0.022513	0.077078	0.87526	64	3	-0.12297	0.92884	0.92865	0.9949	882	0	-0.12297
Region_638	5	0.02281	0.064178	0.87526	65	3	-0.43546	0.97707	0.97679	0.9949	925	0	-0.43546
Region_30	6	0.023292	0.071217	0.87526	66	2	0.35481	0.32045	0.3199	0.875543	343	0	0.35481
Region_743	13	0.023848	0.097383	0.87526	67	6	-0.1071	0.77573	0.7745	0.978122	736	0	-0.1071
Region_394	6	0.024355	0.07388	0.87526	68	2	0.12264	0.75192	0.75156	0.978122	717	0	0.12264
Region_54	3	0.02503	0.055327	0.87526	69	2	-0.85025	0.93236	0.93201	0.9949	884	0	-0.85025
Region_314	3	0.025147	0.055506	0.87526	70	1	-0.052564	0.64561	0.64483	0.958295	633	0	-0.052564
Region_401	2	0.02588	0.047407	0.87526	71	2	-1.1001	0.97374	0.97284	0.9949	922	0	-1.1001
Region_312	9	0.026359	0.089651	0.87526	72	2	0.50575	0.081439	0.082721	0.840329	94	1	0.50575
Region_876	9	0.026936	0.091027	0.87526	73	3	0.17699	0.89627	0.89437	0.990353	854	0	0.17699
Region_828	18	0.027012	0.11574	0.87914	74	4	-0.065858	0.69181	0.69175	0.971747	672	0	-0.065858
Region_235	7	0.027908	0.086394	0.87526	75	3	0.24286	0.61066	0.6105	0.953749	601	0	0.24286
Region_771	2	0.027952	0.050922	0.87526	76	1	-0.77915	0.75203	0.74945	0.978122	719	0	-0.77915
Region_772	9	0.028253	0.094532	0.87526	77	4	-0.17784	0.66831	0.66612	0.958564	657	0	-0.17784
Region_438	13	0.029033	0.11251	0.876321	78	5	-0.18297	0.97775	0.97697	0.9949	926	0	-0.18297
Region_25	11	0.029436	0.1064	0.875931	79	6	-0.43419	0.95572	0.9562	0.9949	904	0	-0.43419
Region_458	6	0.029999	0.089156	0.87526	80	1	-0.13876	0.36713	0.36717	0.886476	392	0	-0.13876
Region_711	6	0.030674	0.091047	0.87526	81	4	-0.541	0.92122	0.92153	0.993377	874	0	-0.541
Region_374	2	0.030751	0.055921	0.87526	82	2	-0.73165	0.96925	0.96863	0.9949	918	0	-0.73165
Region_13	15	0.031411	0.12324	0.8881	83	7	0.064942	0.84694	0.84742	0.978781	816	0	0.064942
Region_327	21	0.031887	0.14049	0.939671	84	8	-0.034333	0.12771	0.14732	0.853191	144	1	-0.034333
Region_622	3	0.031969	0.065534	0.87526	85	1	0.42584	0.0039646	0.0044996	0.546941	9	1	0.42584
Region_881	6	0.032631	0.096215	0.87526	86	3	-0.3058	0.38498	0.385	0.886925	409	0	-0.3058
Region_805	6	0.033271	0.097878	0.87526	87	4	-0.48058	0.18494	0.1833	0.866965	196	0	-0.48058
Region_890	3	0.033317	0.067485	0.87526	88	1	0.66336	0.21132	0.21092	0.866965	230	0	0.66336
Region_383	9	0.033623	0.10945	0.875931	89	5	-0.46535	0.88288	0.88129	0.988775	843	0	-0.46535
Region_389	9	0.03364	0.10949	0.875931	90	4	0.043516	0.64656	0.64473	0.958295	634	0	0.043516
Region_654	9	0.034079	0.11075	0.876321	91	3	-0.21569	0.045792	0.050882	0.767023	60	1	-0.21569
Region_2	5	0.034157	0.087057	0.87526	92	3	-0.40718	0.79924	0.79968	0.978122	761	0	-0.40718
Region_868	3	0.035657	0.071168	0.87526	93	1	-0.36444	0.84312	0.84445	0.978781	813	0	-0.36444
Region_177	2	0.036258	0.065336	0.87526	94	1	-0.48392	0.35402	0.35253	0.88422	372	0	-0.48392
Region_1	38	0.036328	0.18289	0.939671	95	5	0.13938	0.43772	0.43808	0.908854	454	1	0.13938
Region_817	2	0.037824	0.068227	0.87526	96	1	-0.59229	0.55097	0.54879	0.953749	542	0	-0.59229
Region_783	4	0.03837	0.092265	0.87526	97	3	-0.5294	0.39053	0.38832	0.886925	414	0	-0.5294
Region_753	2	0.038741	0.069851	0.87526	98	2	-0.65844	0.96126	0.96064	0.9949	909	0	-0.65844
Region_172	6	0.038901	0.11171	0.876321	99	2	-0.10916	0.35457	0.35429	0.88422	374	0	-0.10916
Region_237	3	0.039143	0.07693	0.87526	100	1	-0.018394	0.090589	0.091087	0.840329	104	0	-0.018394
Region_304	3	0.039239	0.077128	0.87526	101	1	-0.047191	0.71448	0.71625	0.978122	684	0	-0.047191
Region_462	27	0.040098	0.18041	0.939671	102	8	-0.080073	0.91317	0.91315	0.993377	865	0	-0.080073
Region_47	6	0.041406	0.11621	0.87914	103	3	-0.21981	0.7564	0.75591	0.978122	724	0	-0.21981
Region_803	28	0.04307	0.18873	0.939671	104	7	0.02711	0.27023	0.28128	0.875543	287	1	0.02711
Region_825	3	0.044564	0.08578	0.87526	105	1	-0.34193	0.94714	0.947	0.9949	895	0	-0.34193
Region_337	3	0.044933	0.086394	0.87526	106	2	-0.71504	0.65326	0.65249	0.958295	640	0	-0.71504
Region_216	3	0.045582	0.087444	0.87526	107	2	-0.58732	0.81516	0.81582	0.978122	781	0	-0.58732
Region_362	9	0.045639	0.14141	0.939671	108	4	-0.11627	0.68076	0.6787	0.965332	666	0	-0.11627
Region_353	3	0.046726	0.088929	0.87526	109	1	-0.16157	0.81279	0.81356	0.978122	777	0	-0.16157
Region_220	1	0.046774	0.046972	0.87526	110	1	-1.109	0.95323	0.95353	0.9949	900	0	-1.109
Region_138	3	0.047171	0.089473	0.87526	111	1	-0.2168	0.87573	0.87695	0.988775	833	0	-0.2168
Region_288	3	0.047934	0.090552	0.87526	112	1	-0.35955	0.34457	0.34366	0.88422	365	0	-0.35955
Region_617	1	0.047988	0.048318	0.87526	113	1	-1.1032	0.95201	0.95249	0.9949	898	0	-1.1032
Region_9	6	0.048169	0.12817	0.909739	114	2	-0.045816	0.83649	0.83722	0.978122	804	0	-0.045816
Region_553	24	0.048626	0.1999	0.939671	115	9	0.10577	0.3217	0.32237	0.875543	345	1	0.10577
Region_405	3	0.049109	0.092611	0.87526	116	2	-0.68301	0.44098	0.44048	0.908854	458	0	-0.68301
Region_45	6	0.05073	0.13269	0.915581	117	2	0.15398	0.41233	0.41254	0.900536	430	0	0.15398
Region_742	6	0.050846	0.13288	0.915581	118	2	0.30545	0.34347	0.34324	0.88422	364	0	0.30545
Region_827	3	0.050891	0.095374	0.87526	119	2	-0.6896	0.93642	0.93609	0.9949	888	0	-0.6896
Region_320	3	0.050976	0.095473	0.87526	120	2	-0.69228	0.75293	0.75363	0.978122	720	0	-0.69228
Region_470	14	0.051314	0.17503	0.939671	121	6	-0.20503	0.2381	0.23957	0.875543	259	0	-0.20503
Region_498	21	0.051732	0.20208	0.939671	122	6	0.05055	0.71579	0.71601	0.978122	686	0	0.05055
Region_917	7	0.05177	0.14175	0.939671	123	2	0.11208	0.9715	0.9719	0.9949	920	0	0.11208
Region_902	12	0.052007	0.17126	0.939671	124	5	0.0055248	0.51073	0.50866	0.943365	511	0	0.0055248
Region_426	6	0.052453	0.13573	0.92845	125	3	-0.41204	0.72987	0.72996	0.978122	702	0	-0.41204
Region_133	3	0.053118	0.099057	0.87526	126	2	-0.67216	0.038824	0.038368	0.720255	54	1	-0.67216
Region_639	3	0.053624	0.099779	0.87526	127	2	-0.68545	0.32625	0.32507	0.875543	351	0	-0.68545
Region_466	3	0.053965	0.10014	0.87526	128	2	-0.67197	0.83431	0.83563	0.978122	801	0	-0.67197
Region_180	12	0.055865	0.1817	0.939671	129	2	0.1001	0.21614	0.21627	0.866965	234	0	0.1001
Region_217	3	0.056197	0.10394	0.875931	130	2	-0.50936	0.9557	0.95552	0.9949	903	0	-0.50936
Region_585	3	0.056323	0.10415	0.875931	131	2	-0.53645	0.2964	0.2953	0.875543	316	0	-0.53645
Region_350	11	0.056821	0.17166	0.939671	132	1	0.16246	0.57498	0.57499	0.953749	558	0	0.16246
Region_70	3	0.057477	0.10584	0.875931	133	2	-0.66425	0.76415	0.76563	0.978122	727	0	-0.66425
Region_754	3	0.057932	0.10653	0.875931	134	1	-0.30979	0.95506	0.95491	0.9949	902	0	-0.30979
Region_189	1	0.058235	0.058594	0.87526	135	1	-1.034	0.94177	0.94216	0.9949	894	0	-1.034
Region_502	3	0.058657	0.10763	0.875931	136	1	0.18631	0.64234	0.64183	0.958295	631	0	0.18631
Region_240	2	0.059214	0.10482	0.875931	137	2	-0.48405	0.94079	0.93996	0.9949	892	0	-0.48405
Region_864	13	0.060194	0.19329	0.939671	138	6	-0.14664	0.37215	0.37147	0.886925	397	0	-0.14664
Region_411	11	0.061231	0.18167	0.939671	139	5	-0.37726	0.91163	0.91206	0.993377	864	0	-0.37726
Region_508	15	0.061899	0.20859	0.939671	140	3	0.026904	0.419	0.41764	0.900536	438	0	0.026904
Region_694	5	0.06379	0.14423	0.939671	141	2	-0.31783	0.83701	0.83716	0.978122	806	0	-0.31783
Region_365	6	0.064168	0.15456	0.939671	142	3	-0.33969	0.06664	0.066732	0.825092	81	1	-0.33969
Region_719	5	0.064176	0.14495	0.939671	143	2	-0.2761	0.75509	0.75529	0.978122	722	0	-0.2761
Region_465	3	0.064349	0.11641	0.87914	144	1	-0.24314	0.50064	0.49879	0.932386	506	0	-0.24314
Region_524	12	0.065046	0.20145	0.939671	145	4	-0.21848	0.088454	0.094463	0.840329	101	1	-0.21848
Region_933	1	0.065201	0.065693	0.87526	146	1	-0.99659	0.9348	0.93503	0.9949	887	0	-0.99659
Region_556	6	0.065813	0.15724	0.939671	147	2	-0.11918	0.46642	0.46679	0.911599	482	0	-0.11918
Region_896	3	0.065917	0.11886	0.887372	148	1	-0.01926	0.75194	0.75272	0.978122	718	0	-0.01926
Region_780	3	0.066163	0.11938	0.887372	149	2	-0.62155	0.5289	0.52728	0.953749	522	0	-0.62155
Region_700	18	0.066254	0.2296	0.967603	150	7	-0.077819	0.59422	0.59359	0.953749	582	0	-0.077819
Region_651	10	0.066462	0.19388	0.939671	151	5	-0.27251	0.65829	0.65918	0.958295	648	0	-0.27251
Region_547	13	0.066533	0.20861	0.939671	152	5	-0.054289	0.62176	0.61953	0.953749	617	0	-0.054289
Region_145	3	0.068261	0.12286	0.8881	153	2	-0.61425	0.72136	0.72286	0.978122	693	0	-0.61425
Region_739	15	0.068378	0.22262	0.959608	154	4	-0.074255	0.01009	0.018924	0.638488	22	2	-0.074255
Region_503	5	0.069866	0.15579	0.939671	155	2	-0.14076	0.66393	0.66421	0.958564	655	0	-0.14076
Region_384	4	0.070083	0.14388	0.939671	156	1	-0.19558	0.096353	0.096938	0.840329	110	0	-0.19558
Region_676	9	0.070798	0.19163	0.939671	157	3	-0.1002	0.59442	0.5924	0.953749	583	0	-0.1002
Region_940	3	0.071631	0.12775	0.909739	158	2	-0.61973	0.80037	0.8014	0.978122	762	0	-0.61973
Region_58	6	0.071908	0.16754	0.939671	159	3	-0.387	0.58234	0.58241	0.953749	567	0	-0.387
Region_515	3	0.072848	0.12954	0.912575	160	2	-0.61084	0.78773	0.78912	0.978122	746	0	-0.61084
Region_886	2	0.07372	0.1206	0.8881	161	1	-0.36128	0.36621	0.36449	0.88422	391	0	-0.36128
Region_285	12	0.074372	0.2209	0.959608	162	3	0.24468	0.59851	0.59602	0.953749	590	0	0.24468
Region_223	6	0.07528	0.17299	0.939671	163	1	-0.13033	0.57264	0.57287	0.953749	554	0	-0.13033
Region_367	12	0.0769	0.22581	0.962048	164	3	0.13294	0.90022	0.89937	0.993032	855	0	0.13294
Region_126	2	0.076959	0.12323	0.8881	165	1	-0.57352	0.72288	0.7208	0.978122	695	0	-0.57352
Region_606	4	0.079574	0.15613	0.939671	166	1	-0.06073	0.80713	0.80702	0.978122	770	0	-0.06073
Region_538	9	0.07997	0.20823	0.939671	167	3	-0.077985	0.21264	0.21116	0.866965	232	0	-0.077985
Region_648	3	0.081691	0.14324	0.939671	168	1	-0.29424	0.785	0.7863	0.978122	742	0	-0.29424
Region_562	84	0.081925	0.37664	1.0	169	9	0.23577	0.0014676	0.0072816	0.546941	3	6	0.23577
Region_755	6	0.082144	0.18409	0.939671	170	1	0.32699	0.099478	0.099185	0.840329	116	1	0.32699
Region_527	4	0.084162	0.16216	0.939671	171	2	-0.46336	0.96676	0.96702	0.9949	914	0	-0.46336
Region_619	1	0.084853	0.085315	0.87526	172	1	-0.8638	0.91515	0.91569	0.993377	866	0	-0.8638
Region_574	3	0.085035	0.14808	0.939671	173	1	0.33929	0.26999	0.26905	0.875543	286	0	0.33929
Region_540	3	0.085582	0.1488	0.939671	174	2	-0.57458	0.091636	0.092433	0.840329	105	0	-0.57458
Region_626	5	0.08706	0.18773	0.939671	175	3	-0.45124	0.034456	0.03522	0.720255	49	1	-0.45124
Region_149	3	0.087324	0.1512	0.939671	176	2	-0.55939	0.95445	0.95427	0.9949	901	0	-0.55939
Region_331	6	0.088438	0.19455	0.939671	177	3	-0.19515	0.81242	0.81254	0.978122	776	0	-0.19515
Region_688	3	0.089031	0.15393	0.939671	178	2	-0.53859	0.70468	0.70588	0.978122	679	0	-0.53859
Region_854	6	0.090842	0.19852	0.939671	179	3	-0.44982	0.92176	0.9221	0.993377	875	0	-0.44982
Region_291	3	0.092545	0.15931	0.939671	180	2	-0.5454	0.70468	0.70588	0.978122	680	0	-0.5454
Region_153	3	0.092866	0.15979	0.939671	181	2	-0.45025	0.96473	0.96447	0.9949	912	0	-0.45025
Region_158	9	0.093024	0.23226	0.968854	182	2	-0.043349	0.58703	0.58514	0.953749	574	0	-0.043349
Region_630	3	0.093788	0.16132	0.939671	183	1	-0.039741	0.72226	0.72373	0.978122	694	0	-0.039741
Region_618	1	0.093887	0.094344	0.87526	184	1	-0.84308	0.90611	0.90693	0.993377	859	0	-0.84308
Region_363	5	0.094823	0.20241	0.939671	185	3	-0.44423	0.14	0.13873	0.853191	157	0	-0.44423
Region_309	8	0.095733	0.23298	0.968854	186	2	0.47165	0.22188	0.2221	0.866965	242	0	0.47165
Region_487	24	0.09631	0.31877	1.0	187	6	0.08518	0.43217	0.43237	0.906573	449	0	0.08518
Region_65	36	0.096333	0.35079	1.0	188	9	0.0042144	0.1827	0.23771	0.875543	194	1	0.0042144
Region_204	3	0.096581	0.16529	0.939671	189	1	0.34475	0.19156	0.19156	0.866965	203	0	0.34475
Region_820	3	0.098897	0.16885	0.939671	190	2	-0.54902	0.31352	0.31237	0.875543	335	0	-0.54902
Region_356	3	0.098959	0.169	0.939671	191	2	-0.53491	0.90975	0.90984	0.993377	861	0	-0.53491
Region_329	3	0.10225	0.17361	0.939671	192	2	-0.51861	0.97112	0.97088	0.9949	919	0	-0.51861
Region_637	3	0.10252	0.174	0.939671	193	2	-0.53511	0.88742	0.88839	0.99013	847	0	-0.53511
Region_623	9	0.1032	0.25043	1.0	194	3	-0.2093	0.3563	0.35452	0.88422	377	0	-0.2093
Region_105	5	0.1035	0.2172	0.953641	195	3	-0.40609	0.80228	0.80238	0.978122	767	0	-0.40609
Region_446	3	0.10383	0.17574	0.939671	196	1	0.10087	0.19241	0.19246	0.866965	204	0	0.10087
Region_707	3	0.10468	0.17701	0.939671	197	1	0.49482	0.27744	0.27625	0.875543	299	0	0.49482
Region_358	3	0.10493	0.1774	0.939671	198	1	-0.24645	0.38355	0.3824	0.886925	406	0	-0.24645
Region_593	2	0.10496	0.14573	0.939671	199	1	-0.51318	0.72723	0.72469	0.978122	698	0	-0.51318
Region_159	3	0.10578	0.17858	0.939671	200	2	-0.51527	0.61165	0.61192	0.953749	605	0	-0.51527
Region_483	10	0.10601	0.26854	1.0	201	3	-0.1102	0.20207	0.20312	0.866965	222	0	-0.1102
Region_597	3	0.10611	0.1791	0.939671	202	1	-0.20777	0.55873	0.55713	0.953749	548	0	-0.20777
Region_88	3	0.1082	0.1821	0.939671	203	2	-0.51607	0.062339	0.061772	0.788015	77	0	-0.51607
Region_343	1	0.10829	0.1091	0.875931	204	1	-0.79077	0.89171	0.89272	0.990353	849	0	-0.79077
Region_782	3	0.1083	0.18222	0.939671	205	2	-0.51146	0.83307	0.83433	0.978122	799	0	-0.51146
Region_835	3	0.10867	0.18273	0.939671	206	1	0.30644	0.61452	0.61474	0.953749	608	0	0.30644
Region_504	24	0.10946	0.34814	1.0	207	9	-0.10367	0.83581	0.83818	0.978122	802	0	-0.10367
Region_208	4	0.11046	0.19611	0.939671	208	1	-0.035425	0.54925	0.54824	0.953749	540	0	-0.035425
Region_432	9	0.11217	0.26621	1.0	209	2	0.078161	0.28656	0.2848	0.875543	308	0	0.078161
Region_716	27	0.11263	0.36743	1.0	210	8	0.031129	0.59532	0.59759	0.953749	585	0	0.031129
Region_898	1	0.11274	0.11325	0.876321	211	1	-0.76739	0.88726	0.88824	0.99013	845	0	-0.76739
Region_625	3	0.11355	0.18936	0.939671	212	1	-0.34715	0.36272	0.36203	0.88422	384	0	-0.34715
Region_296	3	0.11416	0.19022	0.939671	213	1	-0.0916	0.25018	0.24958	0.875543	268	0	-0.0916
Region_378	14	0.11569	0.3164	1.0	214	4	0.040763	0.20856	0.20919	0.866965	227	1	0.040763
Region_18	6	0.11666	0.24055	0.991613	215	2	-0.077116	0.9602	0.95997	0.9949	907	0	-0.077116
Region_8	3	0.12108	0.20034	0.939671	216	2	-0.49455	0.42398	0.42306	0.905751	441	0	-0.49455
Region_280	15	0.12161	0.32935	1.0	217	3	0.12727	0.97887	0.97901	0.9949	929	0	0.12727
Region_399	4	0.12242	0.21103	0.939671	218	2	-0.41186	0.06031	0.060862	0.788015	75	1	-0.41186
Region_537	79	0.12267	0.47405	1.0	219	15	0.29181	0.59809	0.63256	0.955787	589	1	0.29181
Region_39	33	0.12301	0.3996	1.0	220	3	0.16094	0.78609	0.78422	0.978122	744	0	0.16094
Region_519	3	0.12315	0.20343	0.939671	221	2	-0.48271	0.96154	0.96144	0.9949	910	0	-0.48271
Region_168	3	0.12346	0.20383	0.939671	222	2	-0.47166	0.96802	0.96764	0.9949	915	0	-0.47166
Region_520	39	0.12367	0.42042	1.0	223	6	0.026747	0.50865	0.51145	0.946683	510	0	0.026747
Region_930	3	0.12387	0.20432	0.939671	224	1	-0.412	0.58488	0.58367	0.953749	570	0	-0.412
Region_325	3	0.12585	0.20714	0.939671	225	2	-0.47543	0.96862	0.96816	0.9949	916	0	-0.47543
Region_67	6	0.12641	0.25505	1.0	226	2	0.17535	0.52314	0.52386	0.953749	517	0	0.17535
Region_201	3	0.12732	0.20916	0.939671	227	1	-0.24025	0.72075	0.72225	0.978122	692	0	-0.24025
Region_752	3	0.12732	0.20916	0.939671	228	1	0.33929	0.29062	0.28946	0.875543	312	0	0.33929
Region_555	3	0.12812	0.21008	0.939671	229	1	-0.14865	0.39763	0.39646	0.887485	423	0	-0.14865
Region_385	3	0.13042	0.21343	0.945922	230	2	-0.4626	0.23664	0.2361	0.875543	257	0	-0.4626
Region_269	1	0.13074	0.13126	0.915581	231	1	-0.7104	0.86926	0.86994	0.988775	830	0	-0.7104
Region_589	7	0.13151	0.27306	1.0	232	3	-0.30991	0.78583	0.7855	0.978122	743	0	-0.30991
Region_894	3	0.13183	0.21529	0.949712	233	1	0.13771	0.58745	0.58626	0.953749	575	0	0.13771
Region_845	9	0.13186	0.29964	1.0	234	4	-0.35214	0.88735	0.88569	0.99013	846	0	-0.35214
Region_769	6	0.13205	0.2643	1.0	235	1	-0.12285	0.58904	0.5893	0.953749	577	0	-0.12285
Region_49	6	0.13273	0.26537	1.0	236	3	-0.13152	0.53936	0.5399	0.953749	530	0	-0.13152
Region_229	24	0.13332	0.39597	1.0	237	6	0.16259	0.4694	0.47007	0.911599	484	0	0.16259
Region_197	7	0.13351	0.27608	1.0	238	3	-0.24371	0.91828	0.91807	0.993377	871	0	-0.24371
Region_92	2	0.13468	0.16862	0.939671	239	1	-0.39553	0.62159	0.61944	0.953749	616	0	-0.39553
Region_499	6	0.13732	0.27276	1.0	240	2	-0.17389	0.83769	0.83847	0.978122	807	0	-0.17389
Region_376	3	0.13773	0.22364	0.959622	241	1	0.2624	0.48408	0.48286	0.919479	496	0	0.2624
Region_759	9	0.13896	0.3116	1.0	242	3	-0.12393	0.25231	0.25008	0.875543	270	0	-0.12393
Region_878	6	0.13964	0.27641	1.0	243	3	-0.27938	0.58521	0.58524	0.953749	571	0	-0.27938
Region_200	6	0.14064	0.27812	1.0	244	1	0.29978	0.24192	0.24071	0.875543	260	0	0.29978
Region_807	12	0.1409	0.34412	1.0	245	1	-0.18328	0.84874	0.84709	0.978781	819	0	-0.18328
Region_368	3	0.1412	0.22881	0.967603	246	2	-0.44779	0.65064	0.64972	0.958295	637	0	-0.44779
Region_477	23	0.14135	0.403	1.0	247	8	-0.22393	0.82498	0.82629	0.978122	790	0	-0.22393
Region_351	6	0.14307	0.28173	1.0	248	2	-0.099183	0.76712	0.76715	0.978122	730	0	-0.099183
Region_862	3	0.14405	0.23298	0.968854	249	1	-0.1657	0.25847	0.2576	0.875543	274	0	-0.1657
Region_801	9	0.1452	0.32217	1.0	250	4	0.14479	0.6242	0.62236	0.953749	619	0	0.14479
Region_400	12	0.14527	0.35184	1.0	251	5	-0.20987	0.77402	0.77238	0.978122	735	0	-0.20987
Region_549	3	0.14532	0.23461	0.971368	252	1	-0.41354	0.27273	0.2718	0.875543	292	0	-0.41354
Region_500	6	0.14591	0.28652	1.0	253	3	-0.21947	0.88252	0.88298	0.988775	842	0	-0.21947
Region_417	16	0.14778	0.37826	1.0	254	6	-0.12586	0.48988	0.48677	0.919479	501	0	-0.12586
Region_691	15	0.14881	0.38098	1.0	255	3	0.14965	0.29674	0.29595	0.875543	317	0	0.14965
Region_174	6	0.15092	0.2943	1.0	256	3	-0.25629	0.38283	0.38282	0.886925	404	0	-0.25629
Region_305	5	0.15147	0.26984	1.0	257	1	-0.18544	0.075221	0.074385	0.825092	91	1	-0.18544
Region_183	6	0.15181	0.29581	1.0	258	3	-0.33558	0.81224	0.81238	0.978122	775	0	-0.33558
Region_257	6	0.15253	0.29698	1.0	259	3	-0.19707	0.91739	0.91778	0.993377	867	0	-0.19707
Region_730	18	0.15309	0.40443	1.0	260	5	-0.083806	0.54415	0.54297	0.953749	537	0	-0.083806
Region_481	27	0.15359	0.4425	1.0	261	6	0.063669	0.17643	0.20605	0.866965	188	1	0.063669
Region_913	3	0.15389	0.24639	1.0	262	1	-0.09566	0.57444	0.57319	0.953749	557	0	-0.09566
Region_884	6	0.15426	0.29978	1.0	263	3	-0.38164	0.7142	0.71454	0.978122	683	0	-0.38164
Region_715	4	0.15437	0.25107	1.0	264	2	0.098071	0.050586	0.051189	0.767023	66	1	0.098071
Region_571	5	0.15735	0.27555	1.0	265	1	0.077776	0.16111	0.15971	0.866965	176	0	0.077776
Region_463	6	0.15807	0.30612	1.0	266	1	0.37176	0.24223	0.24104	0.875543	261	0	0.37176
Region_750	9	0.15812	0.34338	1.0	267	3	0.068113	0.073008	0.075167	0.825092	88	1	0.068113
Region_469	6	0.16039	0.30967	1.0	268	3	-0.22677	0.056559	0.057268	0.772296	73	1	-0.22677
Region_162	9	0.16258	0.35094	1.0	269	1	-0.20988	0.2182	0.21647	0.866965	236	0	-0.20988
Region_166	15	0.16286	0.40252	1.0	270	5	-0.11721	0.064108	0.078533	0.840329	78	1	-0.11721
Region_275	7	0.16471	0.32053	1.0	271	1	-0.11919	0.61103	0.61079	0.953749	604	0	-0.11919
Region_19	9	0.16714	0.35867	1.0	272	3	-0.016444	0.55499	0.55343	0.953749	544	0	-0.016444
Region_176	5	0.16718	0.28643	1.0	273	1	-0.1184	0.20214	0.20134	0.866965	223	0	-0.1184
Region_227	6	0.16752	0.32072	1.0	274	1	-0.016266	0.84442	0.84521	0.978781	814	0	-0.016266
Region_883	6	0.1705	0.325	1.0	275	2	-0.23069	0.93015	0.93029	0.9949	883	0	-0.23069
Region_251	3	0.17132	0.26052	1.0	276	1	-0.24421	0.19338	0.19333	0.866965	207	0	-0.24421
Region_808	21	0.17293	0.44727	1.0	277	6	0.035265	0.0075676	0.018786	0.638488	16	2	0.035265
Region_373	11	0.17385	0.37856	1.0	278	4	-0.0067826	0.93924	0.94054	0.9949	890	0	-0.0067826
Region_847	15	0.17497	0.41836	1.0	279	3	0.44224	0.16698	0.16905	0.866965	181	1	0.44224
Region_669	15	0.17499	0.41839	1.0	280	4	-0.053499	0.14613	0.1508	0.857589	166	1	-0.053499
Region_90	8	0.17518	0.34715	1.0	281	1	0.079168	0.75624	0.75568	0.978122	723	0	0.079168
Region_213	3	0.17545	0.263	1.0	282	1	0.37928	0.29317	0.29197	0.875543	314	0	0.37928
Region_762	13	0.17641	0.40322	1.0	283	2	0.1137	0.79104	0.7894	0.978122	749	0	0.1137
Region_328	8	0.17935	0.35226	1.0	284	3	-0.23847	0.85499	0.85403	0.983172	821	0	-0.23847
Region_586	2	0.17981	0.2052	0.939671	285	1	-0.59389	0.91791	0.91743	0.993377	869	0	-0.59389
Region_434	3	0.17988	0.26604	1.0	286	1	0.75276	0.2207	0.22064	0.866965	240	0	0.75276
Region_242	3	0.18143	0.26703	1.0	287	1	-0.34814	0.88175	0.88293	0.988775	840	0	-0.34814
Region_699	9	0.18282	0.37716	1.0	288	3	-0.22545	0.089439	0.090453	0.840329	103	1	-0.22545
Region_686	2	0.1846	0.20914	0.939671	289	1	-0.47715	0.82785	0.82587	0.978122	796	0	-0.47715
Region_62	9	0.18476	0.37942	1.0	290	2	0.12425	0.27051	0.26835	0.875543	288	0	0.12425
Region_20	9	0.18724	0.38211	1.0	291	3	-0.065309	0.41737	0.41486	0.900536	434	0	-0.065309
Region_117	3	0.19007	0.27249	1.0	292	1	-0.36634	0.22053	0.22052	0.866965	239	0	-0.36634
Region_382	15	0.19234	0.44311	1.0	293	2	0.065168	0.12682	0.13298	0.853191	141	1	0.065168
Region_259	3	0.19278	0.27405	1.0	294	1	0.014438	0.66943	0.66932	0.960238	659	0	0.014438
Region_794	12	0.1947	0.42075	1.0	295	2	0.23594	0.088696	0.094671	0.840329	102	1	0.23594
Region_182	3	0.19573	0.27582	1.0	296	1	0.33114	0.15209	0.15279	0.857684	168	0	0.33114
Region_359	9	0.19581	0.39084	1.0	297	2	-0.17242	0.2348	0.23295	0.872626	256	0	-0.17242
Region_16	9	0.19613	0.39114	1.0	298	3	-0.11234	0.58945	0.58734	0.953749	578	0	-0.11234
Region_409	6	0.19622	0.3498	1.0	299	2	-0.32931	0.74316	0.74281	0.978122	708	0	-0.32931
Region_575	7	0.19765	0.36688	1.0	300	3	-0.0050151	0.11452	0.114	0.853191	130	1	-0.0050151
Region_550	9	0.19791	0.39291	1.0	301	3	-0.18552	0.56617	0.56442	0.953749	551	0	-0.18552
Region_272	6	0.19841	0.35183	1.0	302	1	0.28876	0.28632	0.2856	0.875543	307	0	0.28876
Region_943	9	0.19893	0.39396	1.0	303	2	-0.1065	0.9598	0.95934	0.9949	906	0	-0.1065
Region_100	3	0.20018	0.2786	1.0	304	1	0.14902	0.58254	0.58135	0.953749	568	0	0.14902
Region_779	2	0.20052	0.22244	0.959608	305	1	-0.58811	0.92742	0.92663	0.9949	879	0	-0.58811
Region_48	1	0.20375	0.2035	0.939671	306	1	-0.51553	0.79625	0.79807	0.978122	754	0	-0.51553
Region_221	9	0.20497	0.40059	1.0	307	3	-0.12246	0.59758	0.59565	0.953749	588	0	-0.12246
Region_53	1	0.20522	0.20502	0.939671	308	1	-0.49273	0.79478	0.79655	0.978122	753	0	-0.49273
Region_146	12	0.20622	0.43461	1.0	309	2	0.11464	0.3234	0.32189	0.875543	346	0	0.11464
Region_918	3	0.20863	0.284	1.0	310	1	-0.0055546	0.65207	0.65113	0.958295	638	0	-0.0055546
Region_241	6	0.20872	0.36149	1.0	311	1	0.34194	0.038031	0.039675	0.720255	53	1	0.34194
Region_332	6	0.20889	0.36163	1.0	312	2	-0.16113	0.52674	0.52749	0.953749	521	0	-0.16113
Region_920	15	0.20913	0.46497	1.0	313	3	-0.17522	0.14429	0.14939	0.857589	162	1	-0.17522
Region_64	9	0.21002	0.40613	1.0	314	3	0.50423	0.15515	0.15342	0.857684	171	0	0.50423
Region_125	9	0.21025	0.40643	1.0	315	1	0.14024	0.22261	0.22101	0.866965	243	0	0.14024
Region_156	9	0.21181	0.40814	1.0	316	2	0.28538	0.042388	0.047922	0.752949	57	1	0.28538
Region_209	3	0.21297	0.28687	1.0	317	1	-0.25007	0.93819	0.93767	0.9949	889	0	-0.25007
Region_581	3	0.21353	0.28729	1.0	318	1	-0.30903	0.047616	0.046774	0.752949	63	1	-0.30903
Region_778	4	0.21646	0.32796	1.0	319	2	0.0081353	0.3399	0.33958	0.88422	363	0	0.0081353
Region_650	3	0.21764	0.29021	1.0	320	1	-0.18016	0.08658	0.086939	0.840329	98	0	-0.18016
Region_642	3	0.21786	0.29032	1.0	321	1	-0.26065	0.96104	0.96096	0.9949	908	0	-0.26065
Region_224	5	0.2194	0.34351	1.0	322	2	0.022127	0.0352	0.035893	0.720255	50	1	0.022127
Region_460	1	0.22095	0.22064	0.959608	323	1	-0.48051	0.77905	0.78093	0.978122	738	0	-0.48051
Region_40	11	0.22196	0.4435	1.0	324	2	0.14585	0.40149	0.40038	0.893518	425	0	0.14585
Region_109	15	0.22465	0.48535	1.0	325	2	0.3323	0.17907	0.18067	0.866965	192	1	0.3323
Region_624	15	0.22589	0.48707	1.0	326	4	0.15853	0.011584	0.021449	0.638488	25	1	0.15853
Region_594	1	0.2265	0.22624	0.962048	327	1	-0.46835	0.7735	0.77526	0.978122	734	0	-0.46835
Region_873	6	0.22732	0.3785	1.0	328	1	0.20818	0.15466	0.15355	0.857684	170	0	0.20818
Region_786	6	0.23091	0.38178	1.0	329	2	0.084234	0.86648	0.86756	0.988775	827	0	0.084234
Region_533	12	0.23157	0.46528	1.0	330	3	-0.10347	0.22844	0.22901	0.869773	250	0	-0.10347
Region_178	4	0.23353	0.34885	1.0	331	2	-0.21085	0.92097	0.9202	0.993377	873	0	-0.21085
Region_73	3	0.23382	0.30058	1.0	332	1	-0.063736	0.30788	0.30689	0.875543	329	0	-0.063736
Region_568	6	0.23685	0.38707	1.0	333	1	-0.077034	0.19873	0.19692	0.866965	215	0	-0.077034
Region_478	6	0.2383	0.3885	1.0	334	2	-0.18294	0.37178	0.37171	0.886925	396	0	-0.18294
Region_424	9	0.2389	0.43727	1.0	335	1	0.39426	0.20769	0.20615	0.866965	226	0	0.39426
Region_530	152	0.23955	0.67796	1.0	336	28	0.12096	0.74321	0.74637	0.978122	709	2	0.12096
Region_152	18	0.24038	0.52691	1.0	337	6	-0.089013	0.7204	0.72038	0.978122	690	0	-0.089013
Region_572	3	0.24097	0.30493	1.0	338	1	-0.0045837	0.31469	0.31341	0.875543	337	0	-0.0045837
Region_471	6	0.24136	0.39113	1.0	339	2	0.30913	0.41754	0.41781	0.900536	435	0	0.30913
Region_644	3	0.24288	0.3064	1.0	340	1	0.46186	0.19933	0.19899	0.866965	217	0	0.46186
Region_690	3	0.24326	0.30668	1.0	341	1	0.39361	0.38024	0.37914	0.886925	401	0	0.39361
Region_773	15	0.24357	0.50878	1.0	342	5	-0.11914	0.82506	0.82548	0.978122	792	0	-0.11914
Region_880	3	0.24443	0.30762	1.0	343	1	0.39229	0.47078	0.46981	0.911599	486	0	0.39229
Region_181	18	0.24444	0.53218	1.0	344	5	-0.11869	0.54537	0.54433	0.953749	539	0	-0.11869
Region_675	3	0.24475	0.30793	1.0	345	1	-0.06119	0.11573	0.11638	0.853191	131	0	-0.06119
Region_298	2	0.24581	0.2605	1.0	346	1	-0.26116	0.60558	0.60362	0.953749	595	0	-0.26116
Region_488	3	0.24598	0.30873	1.0	347	1	-0.35978	0.74694	0.74806	0.978122	714	0	-0.35978
Region_492	20	0.24966	0.55027	1.0	348	6	0.30435	0.19937	0.20503	0.866965	218	1	0.30435
Region_932	3	0.24972	0.31142	1.0	349	1	-0.21034	0.29684	0.29582	0.875543	319	0	-0.21034
Region_318	6	0.25027	0.39938	1.0	350	1	0.11656	0.40743	0.4072	0.900228	429	0	0.11656
Region_614	5	0.25081	0.37799	1.0	351	2	-0.1192	0.87826	0.87876	0.988775	836	0	-0.1192
Region_323	6	0.25135	0.40041	1.0	352	2	-0.22726	0.0067395	0.010618	0.546941	15	1	-0.22726
Region_687	6	0.25403	0.40312	1.0	353	1	0.15877	0.7653	0.7652	0.978122	728	0	0.15877
Region_588	6	0.25495	0.40399	1.0	354	1	-0.070331	0.74607	0.74553	0.978122	712	0	-0.070331
Region_595	1	0.25584	0.2559	1.0	355	0	-0.40474	0.74416	0.74572	0.978122	710	0	-0.40474
Region_262	9	0.25595	0.45548	1.0	356	3	-0.085464	0.86175	0.86076	0.98731	824	0	-0.085464
Region_608	3	0.25935	0.31782	1.0	357	1	-0.25082	0.57429	0.57307	0.953749	556	0	-0.25082
Region_531	21	0.26159	0.5754	1.0	358	3	0.10666	0.42728	0.42885	0.906573	446	0	0.10666
Region_505	3	0.26177	0.31969	1.0	359	1	0.44644	0.16647	0.16682	0.866965	179	0	0.44644
Region_261	1	0.26306	0.26352	1.0	360	0	-0.38518	0.73694	0.73825	0.978122	705	0	-0.38518
Region_732	2	0.26394	0.27581	1.0	361	1	-0.073764	0.32507	0.32358	0.875543	348	0	-0.073764
Region_421	12	0.26618	0.50571	1.0	362	4	-0.1863	0.79716	0.79518	0.978122	757	0	-0.1863
Region_161	15	0.26791	0.53911	1.0	363	4	-0.069271	0.45367	0.45231	0.908854	471	0	-0.069271
Region_916	2	0.26793	0.27923	1.0	364	1	0.028626	0.18126	0.18148	0.866965	193	0	0.028626
Region_526	6	0.27455	0.42293	1.0	365	1	0.29555	0.24369	0.24268	0.875543	265	0	0.29555
Region_61	3	0.27717	0.33007	1.0	366	1	0.018252	0.2488	0.24819	0.875543	267	0	0.018252
Region_349	6	0.27719	0.42524	1.0	367	2	0.0040714	0.26997	0.26935	0.875543	285	0	0.0040714
Region_46	8	0.27726	0.47195	1.0	368	3	-0.17372	0.072073	0.073177	0.825092	87	1	-0.17372
Region_923	12	0.27885	0.52081	1.0	369	3	0.065888	0.97779	0.97777	0.9949	927	0	0.065888
Region_467	3	0.27913	0.33128	1.0	370	1	-0.37472	0.45041	0.45022	0.908854	468	0	-0.37472
Region_107	12	0.28097	0.5235	1.0	371	3	-0.085371	0.41992	0.41747	0.900536	439	0	-0.085371
Region_806	15	0.28123	0.55488	1.0	372	4	0.12338	0.88773	0.88693	0.99013	848	0	0.12338
Region_909	6	0.28195	0.42919	1.0	373	2	0.12843	0.61204	0.61227	0.953749	606	0	0.12843
Region_506	15	0.28388	0.55808	1.0	374	1	0.013444	0.21096	0.2113	0.866965	229	1	0.013444
Region_931	13	0.28485	0.53571	1.0	375	3	0.062123	0.72615	0.72443	0.978122	696	0	0.062123
Region_911	12	0.28782	0.53183	1.0	376	3	0.19892	0.14307	0.14445	0.853191	159	1	0.19892
Region_620	10	0.29445	0.51506	1.0	377	3	-0.16812	0.44991	0.45158	0.908854	465	0	-0.16812
Region_414	3	0.29512	0.34244	1.0	378	1	0.20821	0.17603	0.17614	0.866965	187	0	0.20821
Region_175	3	0.29544	0.34267	1.0	379	1	0.073944	0.8006	0.80165	0.978122	764	0	0.073944
Region_398	20	0.29548	0.60058	1.0	380	4	0.30874	0.79699	0.79779	0.978122	756	0	0.30874
Region_516	12	0.29574	0.54074	1.0	381	2	0.38707	0.010838	0.019786	0.638488	23	1	0.38707
Region_403	3	0.29603	0.34311	1.0	382	1	-0.27174	0.23769	0.23707	0.875543	258	0	-0.27174
Region_215	6	0.29684	0.44302	1.0	383	2	-0.25446	0.83322	0.83389	0.978122	800	0	-0.25446
Region_17	9	0.29706	0.50005	1.0	384	1	0.39294	0.44828	0.44612	0.908854	464	0	0.39294
Region_74	22	0.29795	0.62004	1.0	385	3	0.122	0.84799	0.84918	0.978781	817	0	0.122
Region_646	3	0.29894	0.34515	1.0	386	1	0.11675	0.62953	0.62896	0.954556	623	0	0.11675
Region_578	9	0.29937	0.50256	1.0	387	2	-0.068354	0.21851	0.21675	0.866965	237	0	-0.068354
Region_518	4	0.29964	0.40625	1.0	388	1	-0.089447	0.91094	0.90953	0.993377	863	0	-0.089447
Region_695	3	0.30085	0.34652	1.0	389	1	0.054184	0.81732	0.81792	0.978122	782	0	0.054184
Region_765	13	0.30394	0.55595	1.0	390	4	0.28193	0.61096	0.60903	0.953749	603	0	0.28193
Region_37	12	0.30615	0.55276	1.0	391	3	-0.14994	0.69314	0.69106	0.971747	673	0	-0.14994
Region_397	6	0.31043	0.45613	1.0	392	2	0.17777	0.32514	0.32477	0.875543	349	0	0.17777
Region_132	49	0.31101	0.71182	1.0	393	12	-0.0038516	0.21431	0.31411	0.875543	233	1	-0.0038516
Region_628	14	0.3113	0.57553	1.0	394	3	-0.036108	0.96873	0.96964	0.9949	917	0	-0.036108
Region_310	1	0.31213	0.31249	1.0	395	0	-0.30063	0.68787	0.68906	0.970854	670	0	-0.30063
Region_701	24	0.31296	0.63983	1.0	396	6	-0.095857	0.6566	0.65699	0.958295	646	0	-0.095857
Region_685	3	0.31367	0.3558	1.0	397	1	0.082524	0.68805	0.68904	0.970854	671	0	0.082524
Region_496	21	0.31445	0.62957	1.0	398	5	-0.026467	0.78916	0.79015	0.978122	748	0	-0.026467
Region_703	3	0.31632	0.35752	1.0	399	1	-0.20848	0.66126	0.66086	0.958295	651	0	-0.20848
Region_27	6	0.31952	0.46443	1.0	400	2	-0.15971	0.99157	0.99148	0.997914	938	0	-0.15971
Region_607	5	0.32021	0.45569	1.0	401	1	0.11578	0.25547	0.25563	0.875543	272	0	0.11578
Region_69	15	0.32243	0.6032	1.0	402	4	0.024419	0.32728	0.32645	0.875543	352	0	0.024419
Region_814	12	0.32688	0.57605	1.0	403	1	0.22868	0.8186	0.81698	0.978122	783	0	0.22868
Region_429	15	0.32785	0.60749	1.0	404	4	0.10254	0.54323	0.5429	0.953749	535	0	0.10254
Region_501	18	0.32838	0.62498	1.0	405	5	0.13386	0.17351	0.17738	0.866965	185	1	0.13386
Region_44	6	0.32995	0.47398	1.0	406	1	0.07674	0.095864	0.095621	0.840329	109	1	0.07674
Region_23	11	0.33021	0.56682	1.0	407	3	0.011457	0.45	0.44942	0.908854	466	0	0.011457
Region_831	12	0.33116	0.58075	1.0	408	2	-0.043146	0.13759	0.13934	0.853191	154	1	-0.043146
Region_552	6	0.33193	0.47584	1.0	409	2	-0.12379	0.63358	0.63373	0.955787	626	0	-0.12379
Region_815	3	0.33281	0.36925	1.0	410	1	0.041618	0.098756	0.0997	0.840329	115	0	0.041618
Region_674	6	0.33346	0.47759	1.0	411	2	0.28396	0.28136	0.28042	0.875543	304	0	0.28396
Region_758	9	0.33435	0.5397	1.0	412	3	0.098503	0.31576	0.3138	0.875543	340	0	0.098503
Region_612	5	0.33572	0.47321	1.0	413	2	0.11512	0.91768	0.91838	0.993377	868	0	0.11512
Region_407	6	0.33591	0.47997	1.0	414	2	-0.1735	0.026026	0.027696	0.670381	42	1	-0.1735
Region_278	7	0.33608	0.5047	1.0	415	2	-0.042321	0.24335	0.24252	0.875543	262	0	-0.042321
Region_788	1	0.33817	0.33857	1.0	416	0	-0.24455	0.66183	0.66434	0.958564	653	0	-0.24455
Region_598	9	0.33852	0.5443	1.0	417	2	-0.18195	0.19788	0.1962	0.866965	214	0	-0.18195
Region_867	4	0.33955	0.42955	1.0	418	1	-0.17328	0.56686	0.5668	0.953749	552	0	-0.17328
Region_486	21	0.33977	0.65455	1.0	419	4	-0.064357	0.83821	0.83978	0.978122	808	0	-0.064357
Region_899	6	0.34295	0.48641	1.0	420	2	-0.23903	0.65979	0.65999	0.958295	649	0	-0.23903
Region_660	15	0.34479	0.62125	1.0	421	4	0.069101	0.72026	0.72136	0.978122	689	0	0.069101
Region_912	13	0.34613	0.59968	1.0	422	2	-0.13653	0.31361	0.31366	0.875543	336	0	-0.13653
Region_832	3	0.34729	0.38023	1.0	423	1	0.19612	0.70081	0.70194	0.978122	677	0	0.19612
Region_12	11	0.34839	0.58204	1.0	424	3	0.40399	0.37784	0.37661	0.886925	400	0	0.40399
Region_822	6	0.35073	0.49355	1.0	425	2	-0.12567	0.57909	0.57917	0.953749	562	0	-0.12567
Region_740	29	0.35141	0.69976	1.0	426	5	0.37957	0.54075	0.53852	0.953749	531	0	0.37957
Region_11	3	0.35361	0.3849	1.0	427	1	-0.10824	0.47119	0.47028	0.911599	487	0	-0.10824
Region_534	3	0.35361	0.3849	1.0	428	1	-0.059678	0.88083	0.88212	0.988775	839	0	-0.059678
Region_86	14	0.3548	0.6156	1.0	429	4	0.0052828	0.80112	0.80127	0.978122	766	0	0.0052828
Region_194	8	0.35612	0.55027	1.0	430	1	0.14705	0.21709	0.21732	0.866965	235	0	0.14705
Region_599	3	0.35618	0.38668	1.0	431	1	0.15224	0.64718	0.64633	0.958295	635	0	0.15224
Region_185	3	0.35999	0.38966	1.0	432	1	0.65076	0.04933	0.048655	0.752949	64	1	0.65076
Region_246	2	0.36016	0.36095	1.0	433	1	0.092305	0.18628	0.18617	0.866965	197	0	0.092305
Region_776	9	0.36121	0.56787	1.0	434	2	0.39262	0.28961	0.28775	0.875543	311	0	0.39262
Region_274	3	0.36135	0.39091	1.0	435	1	-0.28983	0.79728	0.79845	0.978122	758	0	-0.28983
Region_225	3	0.36354	0.39258	1.0	436	1	0.29067	0.52601	0.52421	0.953749	520	0	0.29067
Region_774	3	0.36378	0.39277	1.0	437	1	0.116	0.14514	0.14564	0.853191	163	0	0.116
Region_489	21	0.36441	0.677	1.0	438	5	-0.12884	0.91039	0.91203	0.993377	862	0	-0.12884
Region_605	8	0.36578	0.55646	1.0	439	2	-0.060468	0.06994	0.071257	0.825092	83	1	-0.060468
Region_369	27	0.36634	0.71163	1.0	440	5	0.040335	0.80098	0.80277	0.978122	765	0	0.040335
Region_322	9	0.36897	0.57604	1.0	441	3	-0.37293	0.98203	0.98122	0.994926	932	0	-0.37293
Region_83	6	0.37147	0.51343	1.0	442	2	-0.21577	0.68054	0.68096	0.965332	664	0	-0.21577
Region_810	2	0.37169	0.37214	1.0	443	1	-0.27954	0.79173	0.78872	0.978122	750	0	-0.27954
Region_823	12	0.37182	0.61991	1.0	444	2	0.15145	0.016023	0.028805	0.67979	31	1	0.15145
Region_705	2	0.37193	0.3725	1.0	445	1	-0.4472	0.93434	0.93361	0.9949	885	0	-0.4472
Region_723	9	0.37411	0.58161	1.0	446	2	-0.032536	0.84022	0.8386	0.978122	811	0	-0.032536
Region_529	5	0.37482	0.51555	1.0	447	1	0.22944	0.17546	0.17378	0.866965	186	0	0.22944
Region_735	9	0.37632	0.58388	1.0	448	2	0.094847	0.50016	0.49827	0.932386	505	0	0.094847
Region_853	1	0.37677	0.37732	1.0	449	0	-0.18675	0.62323	0.62515	0.954556	618	0	-0.18675
Region_491	6	0.3771	0.51843	1.0	450	2	-0.3585	0.89296	0.8937	0.990353	850	0	-0.3585
Region_895	1	0.37952	0.38007	1.0	451	0	-0.18354	0.62048	0.62226	0.953749	614	0	-0.18354
Region_451	3	0.37991	0.40457	1.0	452	1	-0.35434	0.80413	0.80513	0.978122	768	0	-0.35434
Region_692	3	0.38088	0.40528	1.0	453	1	-0.27768	0.6607	0.66034	0.958295	650	0	-0.27768
Region_601	6	0.38248	0.52369	1.0	454	2	-0.20724	0.4672	0.46783	0.911599	483	0	-0.20724
Region_683	6	0.3827	0.5239	1.0	455	1	0.26589	0.53484	0.53565	0.953749	527	0	0.26589
Region_141	3	0.38336	0.407	1.0	456	1	-0.17544	0.29114	0.29001	0.875543	313	0	-0.17544
Region_338	6	0.38362	0.52481	1.0	457	1	0.26039	0.80475	0.8046	0.978122	769	0	0.26039
Region_535	12	0.38389	0.62833	1.0	458	3	0.17993	0.45016	0.44769	0.908854	467	0	0.17993
Region_824	9	0.38406	0.59242	1.0	459	3	-0.10795	0.025398	0.032428	0.711236	41	1	-0.10795
Region_722	6	0.38677	0.52798	1.0	460	2	-0.11254	0.57967	0.57972	0.953749	563	0	-0.11254
Region_85	9	0.38684	0.5953	1.0	461	2	0.53792	0.00095607	0.0021335	0.546941	2	2	0.53792
Region_551	3	0.38843	0.41099	1.0	462	1	0.41419	0.27609	0.27504	0.875543	295	0	0.41419
Region_860	3	0.38926	0.41167	1.0	463	1	0.28538	0.33436	0.33338	0.881554	358	0	0.28538
Region_785	11	0.38962	0.6156	1.0	464	2	-0.070348	0.86578	0.86747	0.988775	826	0	-0.070348
Region_665	9	0.39161	0.60022	1.0	465	1	0.15247	0.026167	0.033151	0.711236	43	1	0.15247
Region_842	3	0.39282	0.41435	1.0	466	1	-0.25955	0.82625	0.8273	0.978122	795	0	-0.25955
Region_150	3	0.39383	0.4151	1.0	467	1	0.05503	0.031199	0.030765	0.6917	47	1	0.05503
Region_698	9	0.394	0.60296	1.0	468	2	0.25268	0.90146	0.89941	0.993032	856	0	0.25268
Region_243	1	0.4013	0.40162	1.0	469	0	-0.12651	0.5987	0.60014	0.953749	591	0	-0.12651
Region_308	14	0.40151	0.65866	1.0	470	4	0.028225	0.306	0.30626	0.875543	326	0	0.028225
Region_680	9	0.40312	0.61289	1.0	471	3	-0.12493	0.99673	0.99653	0.997914	944	0	-0.12493
Region_453	15	0.40525	0.67143	1.0	472	4	0.097574	0.58557	0.58594	0.953749	572	0	0.097574
Region_134	3	0.40826	0.42645	1.0	473	1	-0.035766	0.85909	0.86012	0.98731	823	0	-0.035766
Region_454	3	0.40925	0.4271	1.0	474	1	-0.33836	0.27622	0.27513	0.875543	296	0	-0.33836
Region_838	8	0.40938	0.58658	1.0	475	1	0.12814	0.3449	0.34442	0.88422	366	0	0.12814
Region_751	3	0.40967	0.42733	1.0	476	1	-0.16661	0.92253	0.92254	0.993377	877	0	-0.16661
Region_390	3	0.40974	0.42735	1.0	477	1	0.36726	0.1283	0.12884	0.853191	146	0	0.36726
Region_202	4	0.41106	0.47115	1.0	478	1	0.050564	0.13927	0.13949	0.853191	156	0	0.050564
Region_76	3	0.41278	0.42991	1.0	479	1	-0.069236	0.012318	0.012657	0.546941	26	1	-0.069236
Region_658	6	0.41284	0.55386	1.0	480	1	0.16424	0.58578	0.58569	0.953749	573	0	0.16424
Region_522	15	0.4158	0.67978	1.0	481	4	0.26853	0.52448	0.52333	0.953749	518	0	0.26853
Region_793	3	0.41725	0.43375	1.0	482	1	-0.35446	0.97524	0.97516	0.9949	923	0	-0.35446
Region_937	6	0.41841	0.55944	1.0	483	2	-0.24808	0.44597	0.44537	0.908854	462	0	-0.24808
Region_922	3	0.41972	0.43592	1.0	484	1	0.76254	0.18424	0.18439	0.866965	195	0	0.76254
Region_908	6	0.42046	0.56141	1.0	485	2	-0.3461	0.82516	0.82561	0.978122	793	0	-0.3461
Region_592	2	0.42153	0.42009	1.0	486	1	0.081279	0.2689	0.26863	0.875543	283	0	0.081279
Region_485	5	0.42182	0.53747	1.0	487	1	-0.17918	0.62027	0.62081	0.953749	613	0	-0.17918
Region_904	6	0.42183	0.56275	1.0	488	2	0.044589	0.2326	0.23126	0.869773	255	0	0.044589
Region_640	2	0.42216	0.42061	1.0	489	1	0.11308	0.22499	0.22501	0.866965	247	0	0.11308
Region_143	6	0.42347	0.56413	1.0	490	2	0.28993	0.018426	0.020835	0.638488	36	1	0.28993
Region_282	15	0.42626	0.68799	1.0	491	3	0.31798	0.0050733	0.010549	0.546941	11	2	0.31798
Region_361	3	0.42887	0.44306	1.0	492	1	0.06425	0.27675	0.27567	0.875543	297	0	0.06425
Region_452	12	0.43022	0.66221	1.0	493	2	-0.0044328	0.38388	0.38224	0.886925	408	0	-0.0044328
Region_82	9	0.43155	0.63064	1.0	494	2	-0.10888	0.13745	0.13601	0.853191	153	1	-0.10888
Region_89	3	0.43383	0.44732	1.0	495	1	-0.058941	0.40613	0.40506	0.898194	427	0	-0.058941
Region_887	6	0.43393	0.57429	1.0	496	2	-0.059453	0.6372	0.63719	0.958295	628	0	-0.059453
Region_777	3	0.43421	0.44764	1.0	497	1	0.20807	0.16082	0.1613	0.866965	175	0	0.20807
Region_604	9	0.43431	0.63224	1.0	498	2	0.25123	0.33818	0.33633	0.88422	360	0	0.25123
Region_557	33	0.43554	0.78623	1.0	499	6	0.1373	0.015288	0.03922	0.720255	30	3	0.1373
Region_250	6	0.43814	0.57869	1.0	500	1	0.46492	0.01946	0.021825	0.638488	37	1	0.46492
Region_29	3	0.43855	0.45138	1.0	501	1	-0.30113	0.35848	0.3573	0.88422	380	0	-0.30113
Region_140	6	0.44122	0.58166	1.0	502	2	0.17058	0.20048	0.19886	0.866965	221	0	0.17058
Region_142	6	0.44432	0.58453	1.0	503	2	-0.08603	0.92754	0.92751	0.9949	881	0	-0.08603
Region_233	42	0.44542	0.81158	1.0	504	6	0.31944	0.61686	0.61548	0.953749	610	0	0.31944
Region_666	3	0.44602	0.45817	1.0	505	1	-0.052062	0.83678	0.83825	0.978122	805	0	-0.052062
Region_768	6	0.44637	0.58669	1.0	506	2	-0.26931	0.97788	0.97784	0.9949	928	0	-0.26931
Region_480	7	0.4469	0.59493	1.0	507	2	0.28066	0.37556	0.37491	0.886925	398	0	0.28066
Region_214	6	0.44742	0.58775	1.0	508	2	0.024334	0.4571	0.45733	0.910959	474	0	0.024334
Region_600	3	0.4479	0.45974	1.0	509	1	-0.18871	0.85773	0.85878	0.98731	822	0	-0.18871
Region_763	4	0.44823	0.49504	1.0	510	1	-0.28955	0.18688	0.18756	0.866965	199	0	-0.28955
Region_99	15	0.44917	0.70631	1.0	511	4	-0.16585	0.65441	0.65585	0.958295	642	0	-0.16585
Region_737	19	0.44985	0.73579	1.0	512	4	0.30456	0.83961	0.8387	0.978122	810	0	0.30456
Region_748	6	0.45394	0.59479	1.0	513	1	0.30279	0.0081741	0.011895	0.546941	19	1	0.30279
Region_330	6	0.45401	0.59487	1.0	514	2	-0.083584	0.82414	0.82473	0.978122	788	0	-0.083584
Region_450	12	0.45672	0.681	1.0	515	3	0.08337	0.72048	0.71799	0.978122	691	0	0.08337
Region_546	3	0.45812	0.46796	1.0	516	1	0.048178	0.33329	0.33216	0.880775	357	0	0.048178
Region_616	1	0.45873	0.4588	1.0	517	0	-0.076507	0.54127	0.54125	0.953749	532	0	-0.076507
Region_113	3	0.45904	0.46865	1.0	518	1	0.029559	0.81464	0.81533	0.978122	779	0	0.029559
Region_474	6	0.4635	0.60432	1.0	519	1	0.35164	0.046765	0.048189	0.752949	61	1	0.35164
Region_668	9	0.46397	0.64977	1.0	520	1	0.25598	0.3871	0.38446	0.886925	411	0	0.25598
Region_882	3	0.46471	0.47307	1.0	521	1	0.028612	0.69703	0.69818	0.976414	675	0	0.028612
Region_75	6	0.46631	0.60736	1.0	522	1	0.66567	0.029231	0.030775	0.6917	45	1	0.66567
Region_521	3	0.46678	0.47493	1.0	523	1	0.15405	0.55586	0.5545	0.953749	545	0	0.15405
Region_179	6	0.46693	0.60812	1.0	524	1	0.39852	0.00059041	0.0012029	0.546941	1	2	0.39852
Region_632	3	0.46732	0.47533	1.0	525	1	-0.37432	0.83218	0.8334	0.978122	798	0	-0.37432
Region_672	6	0.4677	0.60888	1.0	526	2	-0.037265	0.3929	0.39285	0.886925	418	0	-0.037265
Region_662	3	0.46775	0.47576	1.0	527	1	-0.11602	0.48911	0.48781	0.919479	500	0	-0.11602
Region_307	3	0.46971	0.47741	1.0	528	1	0.40797	0.42582	0.42505	0.905751	443	0	0.40797
Region_525	15	0.46989	0.72295	1.0	529	3	0.0010013	0.070257	0.083741	0.840329	84	1	0.0010013
Region_42	3	0.47052	0.47808	1.0	530	1	0.26534	0.51742	0.51554	0.952384	512	0	0.26534
Region_926	6	0.47081	0.61213	1.0	531	2	-0.24229	0.60234	0.60252	0.953749	593	0	-0.24229
Region_283	8	0.47114	0.63064	1.0	532	1	0.10443	0.58119	0.58046	0.953749	566	0	0.10443
Region_596	10	0.47306	0.68059	1.0	533	3	-0.17178	0.55832	0.55858	0.953749	547	0	-0.17178
Region_43	9	0.47412	0.65617	1.0	534	2	-0.022011	0.41761	0.41524	0.900536	436	0	-0.022011
Region_31	9	0.47506	0.65675	1.0	535	2	-0.016862	0.94049	0.9393	0.9949	891	0	-0.016862
Region_415	3	0.47875	0.48488	1.0	536	1	0.26924	0.63338	0.63278	0.955787	625	0	0.26924
Region_633	2	0.47986	0.47658	1.0	537	0	0.16385	0.19619	0.19643	0.866965	210	0	0.16385
Region_661	3	0.48076	0.48675	1.0	538	1	-0.33948	0.92742	0.92727	0.9949	880	0	-0.33948
Region_203	2	0.48122	0.47813	1.0	539	0	-0.30029	0.88204	0.88072	0.988775	841	0	-0.30029
Region_736	9	0.48595	0.66365	1.0	540	2	0.27119	0.0032374	0.0063213	0.546941	7	2	0.27119
Region_108	3	0.48621	0.49148	1.0	541	1	-0.30158	0.13761	0.13815	0.853191	155	0	-0.30158
Region_490	30	0.48771	0.8128	1.0	542	4	-0.08976	0.74124	0.74215	0.978122	707	0	-0.08976
Region_408	3	0.48844	0.49339	1.0	543	1	0.34493	0.40643	0.40533	0.898194	428	0	0.34493
Region_528	4	0.49111	0.52378	1.0	544	1	-0.21428	0.80946	0.80952	0.978122	773	0	-0.21428
Region_870	3	0.49309	0.49698	1.0	545	1	-0.20508	0.24364	0.24283	0.875543	264	0	-0.20508
Region_144	6	0.49811	0.62364	1.0	546	1	0.05139	0.14526	0.14447	0.853191	164	0	0.05139
Region_56	2	0.5011	0.49784	1.0	547	0	-0.082573	0.6211	0.61895	0.953749	615	0	-0.082573
Region_151	3	0.50318	0.50574	1.0	548	1	0.65861	0.18676	0.18677	0.866965	198	0	0.65861
Region_364	42	0.50415	0.85036	1.0	549	9	0.14733	0.39989	0.4131	0.900536	424	1	0.14733
Region_563	12	0.50428	0.71616	1.0	550	2	0.40642	0.10543	0.1095	0.853191	120	1	0.40642
Region_564	47	0.50528	0.86106	1.0	551	11	0.18995	0.90439	0.90407	0.993377	858	0	0.18995
Region_253	6	0.50927	0.62873	1.0	552	1	0.001313	0.77112	0.77109	0.978122	733	0	0.001313
Region_495	15	0.50936	0.75389	1.0	553	3	0.027878	0.94164	0.94161	0.9949	893	0	0.027878
Region_829	9	0.51022	0.67828	1.0	554	2	0.20622	0.057248	0.061337	0.788015	74	1	0.20622
Region_684	2	0.512	0.50904	1.0	555	0	-0.2366	0.84038	0.83879	0.978122	812	0	-0.2366
Region_848	3	0.51488	0.51625	1.0	556	1	0.10689	0.66599	0.66567	0.958564	656	0	0.10689
Region_370	3	0.515	0.51635	1.0	557	1	-0.062266	0.38281	0.38158	0.886925	403	0	-0.062266
Region_795	15	0.5154	0.75865	1.0	558	3	-0.1002	0.92297	0.92287	0.993377	878	0	-0.1002
Region_892	3	0.51754	0.51874	1.0	559	1	0.022582	0.75873	0.75976	0.978122	725	0	0.022582
Region_841	3	0.51801	0.51908	1.0	560	1	-0.17625	0.12639	0.12698	0.853191	140	0	-0.17625
Region_560	7	0.51825	0.65685	1.0	561	2	0.019999	0.72734	0.72675	0.978122	699	0	0.019999
Region_267	9	0.51907	0.68384	1.0	562	2	-0.18208	0.96622	0.96567	0.9949	913	0	-0.18208
Region_877	3	0.52067	0.52148	1.0	563	1	0.030383	0.31262	0.31153	0.875543	333	0	0.030383
Region_413	6	0.52073	0.63356	1.0	564	1	-0.076831	0.57564	0.57582	0.953749	559	0	-0.076831
Region_127	3	0.52501	0.52581	1.0	565	1	0.2707	0.11325	0.11422	0.853191	129	0	0.2707
Region_35	18	0.52543	0.78545	1.0	566	3	0.47341	0.50779	0.50735	0.942794	509	0	0.47341
Region_290	8	0.52618	0.67279	1.0	567	2	0.20932	0.65567	0.65524	0.958295	644	0	0.20932
Region_476	6	0.52667	0.63639	1.0	568	1	0.11693	0.4651	0.46532	0.911599	479	0	0.11693
Region_247	2	0.52963	0.5264	1.0	569	0	-0.13081	0.72758	0.72518	0.978122	700	0	-0.13081
Region_461	18	0.53091	0.78857	1.0	570	4	0.20927	0.47065	0.46976	0.911599	485	0	0.20927
Region_281	9	0.53105	0.69222	1.0	571	1	0.13594	0.53406	0.53256	0.953749	526	0	0.13594
Region_456	3	0.53272	0.53316	1.0	572	1	-0.23967	0.24858	0.24798	0.875543	266	0	-0.23967
Region_775	8	0.53346	0.67869	1.0	573	1	0.41056	0.799	0.7981	0.978122	760	0	0.41056
Region_851	18	0.54133	0.79433	1.0	574	1	0.31246	0.74701	0.74692	0.978122	715	0	0.31246
Region_26	3	0.54453	0.54454	1.0	575	1	-0.22169	0.92234	0.92235	0.993377	876	0	-0.22169
Region_380	3	0.54634	0.54627	1.0	576	1	-0.12501	0.62862	0.62811	0.954556	622	0	-0.12501
Region_770	18	0.54658	0.7974	1.0	577	2	-0.0086691	0.39689	0.39649	0.887485	422	0	-0.0086691
Region_170	6	0.54776	0.646	1.0	578	1	0.060552	0.52547	0.52624	0.953749	519	0	0.060552
Region_418	9	0.54993	0.70449	1.0	579	1	-0.26928	0.26872	0.26655	0.875543	282	0	-0.26928
Region_679	27	0.55327	0.84551	1.0	580	2	0.23633	0.33892	0.34252	0.88422	361	1	0.23633
Region_306	8	0.55415	0.69478	1.0	581	1	0.14181	0.71539	0.71398	0.978122	685	0	0.14181
Region_796	3	0.55715	0.55621	1.0	582	1	-0.3337	0.57713	0.57584	0.953749	561	0	-0.3337
Region_802	3	0.55957	0.55858	1.0	583	1	0.045099	0.52301	0.52129	0.953749	516	0	0.045099
Region_55	6	0.56108	0.65185	1.0	584	1	0.13925	0.58379	0.58386	0.953749	569	0	0.13925
Region_584	3	0.5613	0.56035	1.0	585	1	0.053308	0.35417	0.35309	0.88422	373	0	0.053308
Region_871	8	0.56133	0.70032	1.0	586	2	0.12942	0.8104	0.80971	0.978122	774	0	0.12942
Region_256	51	0.5617	0.89316	1.0	587	6	0.19716	0.017538	0.046972	0.752949	35	3	0.19716
Region_286	4	0.56224	0.57767	1.0	588	1	0.043808	0.042651	0.043546	0.752949	58	1	0.043808
Region_497	15	0.5648	0.79273	1.0	589	2	0.34788	0.42491	0.42317	0.905751	442	0	0.34788
Region_536	6	0.56522	0.65381	1.0	590	1	0.21181	0.13589	0.13504	0.853191	152	0	0.21181
Region_543	3	0.56543	0.56451	1.0	591	1	0.48047	0.28455	0.28335	0.875543	306	0	0.48047
Region_856	4	0.56625	0.58071	1.0	592	1	0.073979	0.12788	0.12839	0.853191	145	0	0.073979
Region_106	3	0.56671	0.56588	1.0	593	1	0.57756	0.12332	0.12414	0.853191	139	0	0.57756
Region_433	3	0.56887	0.56779	1.0	594	1	-0.33343	0.59923	0.59874	0.953749	592	0	-0.33343
Region_293	1	0.56996	0.57077	1.0	595	0	0.10571	0.43004	0.43009	0.906573	448	0	0.10571
Region_843	6	0.57335	0.65761	1.0	596	1	0.204	0.034213	0.035953	0.720255	48	1	0.204
Region_706	3	0.5757	0.57447	1.0	597	1	-0.016402	0.59633	0.5958	0.953749	586	0	-0.016402
Region_567	4	0.58071	0.59195	1.0	598	1	0.10948	0.010848	0.012727	0.546941	24	1	0.10948
Region_733	3	0.58127	0.58009	1.0	599	1	-0.31802	0.47447	0.47361	0.914451	490	0	-0.31802
Region_346	3	0.58298	0.58186	1.0	600	0	-0.29913	0.38938	0.3883	0.886925	413	0	-0.29913
Region_284	6	0.58654	0.66375	1.0	601	1	0.17002	0.45821	0.45837	0.910959	476	0	0.17002
Region_861	8	0.58663	0.72103	1.0	602	2	-0.054415	0.054224	0.056307	0.772296	69	1	-0.054415
Region_395	2	0.58686	0.5846	1.0	603	0	0.18902	0.27171	0.27122	0.875543	290	0	0.18902
Region_104	9	0.58738	0.72953	1.0	604	2	-0.050171	0.1521	0.15051	0.857589	169	0	-0.050171
Region_123	9	0.58827	0.7302	1.0	605	2	0.29509	0.65283	0.65094	0.958295	639	0	0.29509
Region_301	3	0.59019	0.58924	1.0	606	0	-0.37884	0.61732	0.61758	0.953749	611	0	-0.37884
Region_371	3	0.59124	0.5904	1.0	607	0	0.19171	0.31093	0.30985	0.875543	331	0	0.19171
Region_561	53	0.59183	0.909	1.0	608	8	0.30361	0.23143	0.33536	0.88422	253	1	0.30361
Region_442	3	0.59428	0.5937	1.0	609	0	-0.31768	0.67247	0.67234	0.961593	660	0	-0.31768
Region_425	9	0.59525	0.73542	1.0	610	1	0.21112	0.16861	0.16744	0.866965	182	0	0.21112
Region_893	3	0.59547	0.59503	1.0	611	0	0.16257	0.13159	0.1321	0.853191	148	0	0.16257
Region_855	3	0.59561	0.59515	1.0	612	0	0.15561	0.49774	0.49588	0.930631	504	0	0.15561
Region_459	6	0.59637	0.66875	1.0	613	1	0.25149	0.17722	0.17573	0.866965	189	0	0.25149
Region_270	9	0.5975	0.73704	1.0	614	1	0.12974	0.14407	0.14268	0.853191	161	1	0.12974
Region_939	1	0.5984	0.59992	1.0	615	0	0.14628	0.4016	0.40189	0.894783	426	0	0.14628
Region_437	10	0.60186	0.75454	1.0	616	1	0.067898	0.4282	0.43058	0.906573	447	0	0.067898
Region_819	1	0.60364	0.60542	1.0	617	0	0.15224	0.39636	0.39674	0.887485	421	0	0.15224
Region_910	5	0.60662	0.63964	1.0	618	1	0.25992	0.82503	0.82594	0.978122	791	0	0.25992
Region_545	1	0.60721	0.60884	1.0	619	0	0.15725	0.39279	0.39324	0.886925	417	0	0.15725
Region_747	6	0.61013	0.67587	1.0	620	1	0.075311	0.44029	0.43981	0.908854	457	0	0.075311
Region_741	15	0.61166	0.81684	1.0	621	2	0.35331	0.30309	0.30228	0.875543	325	0	0.35331
Region_849	3	0.61249	0.61263	1.0	622	0	0.26253	0.1895	0.18936	0.866965	202	0	0.26253
Region_929	26	0.61328	0.8685	1.0	623	4	0.05779	0.60777	0.60728	0.953749	597	0	0.05779
Region_205	9	0.61352	0.74764	1.0	624	2	0.43902	0.39634	0.39367	0.886925	420	0	0.43902
Region_348	3	0.61745	0.61776	1.0	625	0	0.23894	0.65492	0.65423	0.958295	643	0	0.23894
Region_689	2	0.61806	0.61577	1.0	626	0	-0.11468	0.79427	0.79142	0.978122	752	0	-0.11468
Region_573	3	0.61951	0.61974	1.0	627	0	-0.055752	0.64549	0.64474	0.958295	632	0	-0.055752
Region_558	12	0.6225	0.80197	1.0	628	2	0.19547	0.013389	0.024251	0.647765	29	2	0.19547
Region_493	42	0.62275	0.9101	1.0	629	9	0.21031	0.10162	0.16762	0.866965	117	1	0.21031
Region_484	21	0.62411	0.86075	1.0	630	4	0.12923	0.085637	0.11484	0.853191	97	1	0.12923
Region_718	6	0.62471	0.68323	1.0	631	1	0.15995	0.82405	0.82468	0.978122	787	0	0.15995
Region_268	3	0.6259	0.62553	1.0	632	0	0.2402	0.41725	0.41626	0.900536	433	0	0.2402
Region_165	9	0.62845	0.75804	1.0	633	2	-0.16472	0.68218	0.6803	0.965332	667	0	-0.16472
Region_263	15	0.62887	0.82546	1.0	634	1	0.19398	0.0052146	0.010776	0.546941	12	2	0.19398
Region_207	3	0.62953	0.62896	1.0	635	0	-0.23442	0.27368	0.27252	0.875543	293	0	-0.23442
Region_232	3	0.63044	0.62991	1.0	636	0	0.52803	0.26399	0.26333	0.875543	277	0	0.52803
Region_294	11	0.63139	0.78958	1.0	637	2	0.16623	0.12027	0.12153	0.853191	136	1	0.16623
Region_420	3	0.63292	0.63224	1.0	638	0	-0.23637	0.6949	0.69609	0.974937	674	0	-0.23637
Region_357	1	0.63643	0.63879	1.0	639	0	0.19381	0.36357	0.36395	0.88422	385	0	0.19381
Region_245	3	0.63658	0.63613	1.0	640	0	-0.2298	0.0059266	0.0064797	0.546941	14	1	-0.2298
Region_157	3	0.63826	0.63782	1.0	641	0	0.72328	0.21914	0.21908	0.866965	238	0	0.72328
Region_98	2	0.63878	0.63664	1.0	642	0	0.69273	0.0086209	0.0086181	0.546941	21	1	0.69273
Region_872	9	0.63919	0.76522	1.0	643	2	-0.31878	0.052005	0.056872	0.772296	67	1	-0.31878
Region_28	3	0.63948	0.63896	1.0	644	0	-0.077121	0.58868	0.58759	0.953749	576	0	-0.077121
Region_36	6	0.63957	0.69138	1.0	645	1	0.61034	0.34633	0.34598	0.88422	369	0	0.61034
Region_631	1	0.6398	0.64246	1.0	646	0	0.20807	0.3602	0.36057	0.88422	382	0	0.20807
Region_905	1	0.64144	0.64395	1.0	647	0	0.20089	0.35856	0.3589	0.88422	381	0	0.20089
Region_345	3	0.64602	0.64528	1.0	648	0	0.29337	0.62818	0.62778	0.954556	621	0	0.29337
Region_102	6	0.64638	0.69533	1.0	649	1	0.21659	0.68765	0.68813	0.970854	669	0	0.21659
Region_869	3	0.64689	0.64606	1.0	650	0	0.08662	0.31545	0.31411	0.875543	339	0	0.08662
Region_767	3	0.65011	0.64924	1.0	651	0	0.12004	0.16653	0.16687	0.866965	180	0	0.12004
Region_784	6	0.65501	0.70017	1.0	652	1	-0.15238	0.58979	0.59005	0.953749	579	0	-0.15238
Region_303	5	0.65771	0.67468	1.0	653	1	0.049062	0.26484	0.26554	0.875543	279	0	0.049062
Region_697	6	0.67081	0.70919	1.0	654	1	-0.019443	0.54406	0.54446	0.953749	536	0	-0.019443
Region_744	5	0.6746	0.68677	1.0	655	1	0.18167	0.82262	0.8234	0.978122	786	0	0.18167
Region_167	4	0.67562	0.67555	1.0	656	1	-0.035141	0.70813	0.7075	0.978122	681	0	-0.035141
Region_114	3	0.6766	0.67669	1.0	657	0	-0.073536	0.47611	0.47498	0.914451	491	0	-0.073536
Region_580	6	0.67761	0.71324	1.0	658	1	0.26251	0.32069	0.3201	0.875543	344	0	0.26251
Region_249	6	0.6793	0.71446	1.0	659	1	-0.15402	0.55906	0.55951	0.953749	549	0	-0.15402
Region_80	12	0.68104	0.82718	1.0	660	2	-0.041654	0.19467	0.19503	0.866965	208	0	-0.041654
Region_412	3	0.6817	0.68222	1.0	661	0	0.53854	0.22336	0.22313	0.866965	245	0	0.53854
Region_169	3	0.68341	0.68405	1.0	662	0	-0.22512	0.83887	0.84031	0.978122	809	0	-0.22512
Region_724	1	0.68478	0.68622	1.0	663	0	0.27414	0.31522	0.31537	0.875543	338	0	0.27414
Region_799	3	0.68888	0.68997	1.0	664	0	0.38386	0.026888	0.026676	0.662691	44	1	0.38386
Region_93	6	0.68914	0.72037	1.0	665	1	0.076627	0.084828	0.084483	0.840329	96	1	0.076627
Region_435	6	0.69077	0.72143	1.0	666	1	0.63608	0.0047805	0.0086775	0.546941	10	1	0.63608
Region_302	17	0.69188	0.87293	1.0	667	3	0.20678	0.0079643	0.016588	0.638488	18	1	0.20678
Region_211	3	0.69539	0.69651	1.0	668	0	-0.18611	0.90748	0.90773	0.993377	860	0	-0.18611
Region_664	7	0.69544	0.75085	1.0	669	1	0.23102	0.55066	0.55021	0.953749	541	0	0.23102
Region_472	25	0.69607	0.9053	1.0	670	3	0.16995	0.52141	0.52381	0.953749	514	0	0.16995
Region_710	6	0.69933	0.72688	1.0	671	1	-0.19404	0.65649	0.65681	0.958295	645	0	-0.19404
Region_764	3	0.701	0.70214	1.0	672	0	0.17106	0.42722	0.42637	0.90651	445	0	0.17106
Region_455	3	0.70112	0.70223	1.0	673	0	0.24071	0.055407	0.055139	0.772296	70	0	0.24071
Region_139	3	0.70135	0.70244	1.0	674	0	0.38415	0.32451	0.32343	0.875543	347	0	0.38415
Region_319	12	0.70171	0.83685	1.0	675	2	0.11727	0.61546	0.613	0.953749	609	0	0.11727
Region_87	21	0.70204	0.89584	1.0	676	3	0.17209	0.20306	0.21085	0.866965	224	1	0.17209
Region_653	3	0.70525	0.70653	1.0	677	0	0.36121	0.4536	0.45322	0.908854	470	0	0.36121
Region_726	2	0.7053	0.70353	1.0	678	0	0.2785	0.28108	0.28086	0.875543	303	0	0.2785
Region_647	3	0.70676	0.70798	1.0	679	0	-0.21419	0.80777	0.80855	0.978122	772	0	-0.21419
Region_850	2	0.70746	0.70549	1.0	680	0	0.23158	0.32932	0.32785	0.875543	354	0	0.23158
Region_523	3	0.71006	0.7115	1.0	681	0	0.1338	0.35076	0.3495	0.88422	370	0	0.1338
Region_287	4	0.71026	0.70982	1.0	682	0	0.085495	0.43344	0.43113	0.906573	450	0	0.085495
Region_339	3	0.71032	0.71175	1.0	683	0	0.49841	0.052435	0.05209	0.768327	68	0	0.49841
Region_160	3	0.71095	0.71233	1.0	684	0	0.15019	0.25237	0.25151	0.875543	271	0	0.15019
Region_112	3	0.71102	0.71241	1.0	685	0	-0.13322	0.79829	0.79931	0.978122	759	0	-0.13322
Region_273	3	0.71129	0.71266	1.0	686	0	-0.069798	0.41874	0.41783	0.900536	437	0	-0.069798
Region_889	6	0.7123	0.73481	1.0	687	1	-0.088912	0.86777	0.86899	0.988775	828	0	-0.088912
Region_406	6	0.71374	0.7356	1.0	688	1	-0.049652	0.94854	0.94894	0.9949	896	0	-0.049652
Region_188	6	0.71535	0.73653	1.0	689	1	0.1267	0.29676	0.29613	0.875543	318	0	0.1267
Region_512	33	0.71574	0.9311	1.0	690	6	0.036606	0.22766	0.26102	0.875543	249	1	0.036606
Region_430	12	0.71583	0.84312	1.0	691	2	0.094592	0.21204	0.21222	0.866965	231	0	0.094592
Region_809	3	0.71863	0.7202	1.0	692	0	0.35283	0.37087	0.36981	0.886925	395	0	0.35283
Region_941	6	0.71863	0.73885	1.0	693	1	-0.075943	0.22764	0.22646	0.869026	248	0	-0.075943
Region_271	3	0.71889	0.72047	1.0	694	0	0.30583	0.19749	0.19728	0.866965	213	0	0.30583
Region_184	6	0.7192	0.73921	1.0	695	1	-0.013417	0.52186	0.52257	0.953749	515	0	-0.013417
Region_569	2	0.7202	0.71813	1.0	696	0	0.2166	0.35507	0.35359	0.88422	376	0	0.2166
Region_255	3	0.72035	0.72201	1.0	697	0	-0.068031	0.90299	0.90303	0.993377	857	0	-0.068031
Region_510	1	0.7209	0.7219	1.0	698	0	0.3368	0.2791	0.27963	0.875543	302	0	0.3368
Region_457	3	0.72136	0.72286	1.0	699	0	-0.02549	0.29707	0.29605	0.875543	320	0	-0.02549
Region_714	3	0.72233	0.72378	1.0	700	0	0.32432	0.46219	0.4612	0.911599	478	0	0.32432
Region_627	9	0.72755	0.82128	1.0	701	1	0.17149	0.89515	0.89338	0.990353	852	0	0.17149
Region_321	26	0.72825	0.92043	1.0	702	4	0.19161	0.056431	0.095958	0.840329	72	2	0.19161
Region_934	6	0.72905	0.74586	1.0	703	1	0.31196	0.47335	0.47389	0.914451	489	0	0.31196
Region_313	3	0.73365	0.73473	1.0	704	0	0.26982	0.38775	0.38673	0.886925	412	0	0.26982
Region_583	2	0.73543	0.73313	1.0	705	0	0.10371	0.58018	0.5779	0.953749	564	0	0.10371
Region_248	3	0.73598	0.737	1.0	706	0	0.021368	0.83013	0.83117	0.978122	797	0	0.021368
Region_587	3	0.73742	0.73833	1.0	707	0	-0.10502	0.8255	0.82654	0.978122	794	0	-0.10502
Region_936	1	0.7385	0.74	1.0	708	0	0.36429	0.2615	0.26173	0.875543	276	0	0.36429
Region_811	3	0.73898	0.74005	1.0	709	0	0.111	0.6859	0.68679	0.970854	668	0	0.111
Region_148	3	0.73915	0.74028	1.0	710	0	0.052766	0.46553	0.46443	0.911599	480	0	0.052766
Region_445	15	0.73954	0.88531	1.0	711	2	-0.027998	0.72941	0.73051	0.978122	701	0	-0.027998
Region_942	3	0.74124	0.74235	1.0	712	0	-0.062523	0.78728	0.78864	0.978122	745	0	-0.062523
Region_888	10	0.74126	0.84421	1.0	713	1	0.028914	0.050332	0.057	0.772296	65	1	0.028914
Region_198	6	0.7413	0.75429	1.0	714	1	0.1579	0.039936	0.041497	0.739111	55	1	0.1579
Region_14	6	0.74304	0.75546	1.0	715	1	-0.20423	0.84503	0.84581	0.978781	815	0	-0.20423
Region_542	12	0.74374	0.857	1.0	716	2	0.42435	0.22096	0.22155	0.866965	241	0	0.42435
Region_514	15	0.74847	0.89033	1.0	717	3	-0.017787	0.19957	0.20074	0.866965	219	1	-0.017787
Region_239	9	0.74877	0.82837	1.0	718	1	0.035885	0.46561	0.46385	0.911599	481	0	0.035885
Region_925	6	0.75004	0.7605	1.0	719	1	0.096535	0.76807	0.76813	0.978122	731	0	0.096535
Region_681	3	0.75291	0.75362	1.0	720	0	-0.087394	0.67317	0.67318	0.961593	661	0	-0.087394
Region_696	3	0.75394	0.75467	1.0	721	0	0.27582	0.65734	0.65692	0.958295	647	0	0.27582
Region_727	6	0.75597	0.76484	1.0	722	1	0.4451	0.23049	0.22925	0.869773	251	0	0.4451
Region_130	6	0.75781	0.76629	1.0	723	1	0.27438	0.48749	0.48799	0.919479	499	0	0.27438
Region_91	12	0.7597	0.86564	1.0	724	2	-0.038495	0.30105	0.30069	0.875543	323	0	-0.038495
Region_935	7	0.76043	0.78582	1.0	725	1	0.20973	0.31798	0.31783	0.875543	341	0	0.20973
Region_60	6	0.76115	0.76886	1.0	726	1	-0.0014422	0.3691	0.36913	0.886925	393	0	-0.0014422
Region_66	5	0.76117	0.76142	1.0	727	1	0.31625	0.18859	0.18745	0.866965	200	0	0.31625
Region_404	3	0.76195	0.76315	1.0	728	0	0.31702	0.60827	0.60844	0.953749	598	0	0.31702
Region_33	3	0.76273	0.76416	1.0	729	0	0.010131	0.71625	0.71795	0.978122	687	0	0.010131
Region_289	3	0.76443	0.76579	1.0	730	0	0.072346	0.73204	0.73318	0.978122	704	0	0.072346
Region_443	3	0.76503	0.76634	1.0	731	0	-0.063733	0.83599	0.83739	0.978122	803	0	-0.063733
Region_222	27	0.76883	0.94008	1.0	732	4	0.26971	0.066015	0.11421	0.853191	79	1	0.26971
Region_173	8	0.76899	0.81415	1.0	733	1	0.15127	0.20012	0.20044	0.866965	220	0	0.15127
Region_928	9	0.77001	0.83614	1.0	734	1	0.083392	0.36418	0.36215	0.88422	387	0	0.083392
Region_473	3	0.7706	0.7718	1.0	735	0	0.019782	0.45334	0.45296	0.908854	469	0	0.019782
Region_340	6	0.7707	0.7767	1.0	736	1	-0.00068003	0.76622	0.7661	0.978122	729	0	-0.00068003
Region_419	3	0.77149	0.7728	1.0	737	0	0.3538	0.32519	0.32405	0.875543	350	0	0.3538
Region_388	6	0.77298	0.77824	1.0	738	1	0.095514	0.41355	0.41377	0.900536	432	0	0.095514
Region_218	22	0.77484	0.92921	1.0	739	4	0.33241	0.19888	0.21044	0.866965	216	1	0.33241
Region_554	3	0.77646	0.77771	1.0	740	0	0.23341	0.5941	0.59346	0.953749	581	0	0.23341
Region_927	3	0.77871	0.78002	1.0	741	0	-0.13794	0.59748	0.59714	0.953749	587	0	-0.13794
Region_163	12	0.78104	0.8778	1.0	742	2	0.3392	0.15642	0.15741	0.866965	172	1	0.3392
Region_721	3	0.78323	0.78463	1.0	743	0	0.37405	0.54265	0.54129	0.953749	534	0	0.37405
Region_234	9	0.78527	0.84182	1.0	744	1	-0.087579	0.11218	0.11221	0.853191	127	1	-0.087579
Region_187	3	0.78726	0.78863	1.0	745	0	0.18208	0.33035	0.32926	0.875543	356	0	0.18208
Region_193	6	0.79102	0.79327	1.0	746	1	0.3225	0.074173	0.074009	0.825092	90	1	0.3225
Region_236	3	0.79198	0.79325	1.0	747	0	0.20844	0.38708	0.38609	0.886925	410	0	0.20844
Region_79	6	0.79255	0.79451	1.0	748	1	0.11016	0.81482	0.81505	0.978122	780	0	0.11016
Region_919	9	0.79782	0.84671	1.0	749	1	0.014398	0.2714	0.26935	0.875543	289	0	0.014398
Region_265	6	0.79813	0.79937	1.0	750	1	0.31793	0.11879	0.11801	0.853191	133	0	0.31793
Region_659	9	0.80103	0.84789	1.0	751	1	0.12917	0.87902	0.87734	0.988775	838	0	0.12917
Region_792	9	0.80168	0.84809	1.0	752	1	0.36713	0.47949	0.47739	0.915253	494	0	0.36713
Region_299	11	0.8022	0.88808	1.0	753	2	0.41724	0.10277	0.10585	0.853191	118	1	0.41724
Region_603	3	0.8034	0.80439	1.0	754	0	0.41376	0.3577	0.3564	0.88422	378	0	0.41376
Region_682	3	0.80345	0.80449	1.0	755	0	-0.037423	0.53232	0.53086	0.953749	524	0	-0.037423
Region_482	3	0.8037	0.80474	1.0	756	0	0.074682	0.30057	0.2995	0.875543	322	0	0.074682
Region_576	3	0.80433	0.8053	1.0	757	0	0.75836	0.017385	0.017469	0.638488	34	1	0.75836
Region_238	3	0.80643	0.80728	1.0	758	0	0.14743	0.59198	0.59108	0.953749	580	0	0.14743
Region_129	16	0.80665	0.9224	1.0	759	3	0.064309	0.27829	0.27906	0.875543	300	0	0.064309
Region_103	6	0.80868	0.8095	1.0	760	1	0.1475	0.37728	0.37707	0.886925	399	0	0.1475
Region_344	2	0.81043	0.80769	1.0	761	0	0.31946	0.30699	0.30575	0.875543	328	0	0.31946
Region_804	3	0.81068	0.81135	1.0	762	0	0.14965	0.7389	0.73995	0.978122	706	0	0.14965
Region_427	3	0.81179	0.8124	1.0	763	0	0.60069	0.36359	0.3629	0.88422	386	0	0.60069
Region_677	6	0.8118	0.81238	1.0	764	1	0.10359	0.68064	0.68105	0.965332	665	0	0.10359
Region_101	8	0.81314	0.83653	1.0	765	1	0.27148	0.67487	0.67434	0.961593	663	0	0.27148
Region_602	3	0.81346	0.81408	1.0	766	0	0.026085	0.46032	0.45959	0.91146	477	0	0.026085
Region_360	6	0.81398	0.81456	1.0	767	1	-0.015615	0.38375	0.3837	0.886925	407	0	-0.015615
Region_219	9	0.81432	0.85295	1.0	768	1	0.23642	0.002613	0.005163	0.546941	6	2	0.23642
Region_712	6	0.81548	0.81598	1.0	769	1	0.4537	0.15682	0.15594	0.865943	173	0	0.4537
Region_613	8	0.81592	0.83807	1.0	770	1	0.4754	0.097973	0.099106	0.840329	114	1	0.4754
Region_704	6	0.81731	0.81788	1.0	771	1	0.13457	0.61078	0.61098	0.953749	602	0	0.13457
Region_863	6	0.81805	0.81867	1.0	772	1	0.25983	0.037269	0.038972	0.720255	52	1	0.25983
Region_636	9	0.82021	0.85533	1.0	773	1	0.024021	0.78838	0.78762	0.978122	747	0	0.024021
Region_787	6	0.8208	0.82147	1.0	774	1	0.39916	0.23123	0.23001	0.869773	252	0	0.39916
Region_96	6	0.82238	0.82308	1.0	775	1	-0.25157	0.87385	0.875	0.988775	832	0	-0.25157
Region_693	3	0.82486	0.82592	1.0	776	0	0.41694	0.50196	0.50002	0.932852	508	0	0.41694
Region_228	12	0.82513	0.90223	1.0	777	1	0.16519	0.14398	0.14534	0.853191	160	1	0.16519
Region_110	3	0.82522	0.82624	1.0	778	0	0.46937	0.025083	0.024963	0.647765	40	1	0.46937
Region_756	6	0.82771	0.82825	1.0	779	0	-0.16037	0.54528	0.54569	0.953749	538	0	-0.16037
Region_387	3	0.82776	0.82893	1.0	780	0	0.25174	0.0016068	0.0024404	0.546941	4	1	0.25174
Region_120	7	0.83014	0.8343	1.0	781	1	-0.16492	0.84825	0.84868	0.978781	818	0	-0.16492
Region_279	6	0.83018	0.83062	1.0	782	0	0.09878	0.59489	0.59495	0.953749	584	0	0.09878
Region_781	3	0.8307	0.83183	1.0	783	0	0.053648	0.61918	0.61946	0.953749	612	0	0.053648
Region_746	6	0.83094	0.83144	1.0	784	0	-0.1745	0.046891	0.048367	0.752949	62	1	-0.1745
Region_655	3	0.83189	0.83319	1.0	785	0	0.33391	0.47928	0.47799	0.915253	493	0	0.33391
Region_95	33	0.83378	0.96722	1.0	786	6	0.044693	0.81309	0.81168	0.978122	778	0	0.044693
Region_634	2	0.83529	0.8336	1.0	787	0	0.14686	0.62978	0.62762	0.954556	624	0	0.14686
Region_292	39	0.83738	0.9743	1.0	788	3	0.36911	0.12231	0.19657	0.866965	137	2	0.36911
Region_760	9	0.83769	0.8632	1.0	789	1	0.13393	0.70214	0.70063	0.978122	678	0	0.13393
Region_577	24	0.83821	0.95673	1.0	790	2	0.11739	0.45609	0.45694	0.910959	472	0	0.11739
Region_671	69	0.83909	0.98526	1.0	791	10	0.3707	0.036502	0.095898	0.840329	51	3	0.3707
Region_749	9	0.84396	0.86682	1.0	792	1	-0.11435	0.39621	0.39359	0.886925	419	0	-0.11435
Region_645	3	0.84416	0.84552	1.0	793	0	0.64608	0.19241	0.19246	0.866965	205	0	0.64608
Region_826	7	0.84546	0.8475	1.0	794	1	0.096055	0.10669	0.10615	0.853191	122	1	0.096055
Region_657	9	0.84788	0.86883	1.0	795	1	0.49729	0.34524	0.34341	0.88422	368	0	0.49729
Region_135	6	0.84871	0.84941	1.0	796	0	0.33354	0.26633	0.26557	0.875543	280	0	0.33354
Region_393	3	0.84978	0.85075	1.0	797	0	-0.00049469	0.86444	0.86531	0.988775	825	0	-0.00049469
Region_709	1	0.85305	0.85368	1.0	798	0	0.59223	0.14695	0.14731	0.853191	167	0	0.59223
Region_186	6	0.85322	0.85391	1.0	799	0	0.12921	0.55386	0.55454	0.953749	543	0	0.12921
Region_541	6	0.85557	0.85632	1.0	800	0	0.019936	0.19249	0.1908	0.866965	206	0	0.019936
Region_147	3	0.85898	0.85999	1.0	801	0	-0.0082343	0.7938	0.7952	0.978122	751	0	-0.0082343
Region_347	3	0.86101	0.86198	1.0	802	0	0.426	0.42116	0.42034	0.90387	440	0	0.426
Region_924	3	0.8613	0.86227	1.0	803	0	0.037484	0.66223	0.66187	0.958295	654	0	0.037484
Region_859	3	0.86212	0.86309	1.0	804	0	0.1408	0.48695	0.48555	0.919479	498	0	0.1408
Region_206	3	0.86294	0.86384	1.0	805	0	0.15176	0.72677	0.72818	0.978122	697	0	0.15176
Region_745	1	0.86574	0.86669	1.0	806	0	0.62775	0.13426	0.13484	0.853191	151	0	0.62775
Region_3	6	0.86589	0.86689	1.0	807	0	0.51614	0.0017703	0.0033314	0.546941	5	2	0.51614
Region_729	40	0.86819	0.98179	1.0	808	4	0.12574	0.75317	0.75698	0.978122	721	0	0.12574
Region_191	2	0.86889	0.86765	1.0	809	0	0.29684	0.43456	0.43278	0.906573	452	0	0.29684
Region_252	3	0.87081	0.87184	1.0	810	0	0.15184	0.56993	0.56867	0.953749	553	0	0.15184
Region_396	6	0.87248	0.87367	1.0	811	0	-0.072887	0.044872	0.04611	0.752949	59	1	-0.072887
Region_336	21	0.87469	0.96119	1.0	812	3	0.086316	0.50191	0.50319	0.936911	507	0	0.086316
Region_858	8	0.87719	0.87856	1.0	813	1	-0.09662	0.76964	0.76926	0.978122	732	0	-0.09662
Region_734	3	0.87829	0.87941	1.0	814	0	0.22124	0.0084081	0.0090537	0.546941	20	1	0.22124
Region_900	6	0.87872	0.87933	1.0	815	0	0.33473	0.57641	0.57647	0.953749	560	0	0.33473
Region_479	3	0.87905	0.88013	1.0	816	0	0.073589	0.80713	0.80801	0.978122	771	0	0.073589
Region_111	9	0.87923	0.88737	1.0	817	1	0.36016	0.69734	0.696	0.974937	676	0	0.36016
Region_566	34	0.87944	0.97976	1.0	818	5	0.19961	0.36924	0.37525	0.886925	394	1	0.19961
Region_635	3	0.8799	0.88104	1.0	819	0	0.14643	0.58072	0.57957	0.953749	565	0	0.14643
Region_428	4	0.88067	0.88095	1.0	820	0	0.39738	0.1702	0.17063	0.866965	184	0	0.39738
Region_316	3	0.88355	0.88483	1.0	821	0	0.40404	0.10371	0.10482	0.853191	119	0	0.40404
Region_355	6	0.88564	0.88604	1.0	822	0	0.019393	0.38081	0.38072	0.886925	402	0	0.019393
Region_915	3	0.88667	0.88768	1.0	823	0	0.68157	0.26911	0.26815	0.875543	284	0	0.68157
Region_226	1	0.88899	0.88997	1.0	824	0	0.6624	0.11101	0.11182	0.853191	126	0	0.6624
Region_673	1	0.88932	0.89034	1.0	825	0	0.68539	0.11068	0.11148	0.853191	125	0	0.68539
Region_300	6	0.88933	0.89008	1.0	826	0	-0.12351	0.1456	0.14479	0.853191	165	0	-0.12351
Region_128	6	0.88948	0.8902	1.0	827	0	0.4783	0.091754	0.091156	0.840329	106	1	0.4783
Region_423	3	0.88999	0.89083	1.0	828	0	0.06441	0.097899	0.098799	0.840329	113	0	0.06441
Region_544	3	0.8916	0.89237	1.0	829	0	0.14386	0.36614	0.3653	0.88422	390	0	0.14386
Region_38	3	0.89232	0.89314	1.0	830	0	0.8458	0.070487	0.070069	0.825092	86	0	0.8458
Region_311	9	0.89389	0.89713	1.0	831	1	0.28874	0.26476	0.26247	0.875543	278	0	0.28874
Region_464	3	0.89438	0.89497	1.0	832	0	0.21859	0.1179	0.11859	0.853191	132	0	0.21859
Region_800	3	0.8946	0.89518	1.0	833	0	0.079937	0.365	0.36424	0.88422	389	0	0.079937
Region_834	8	0.89511	0.8948	1.0	834	1	-0.29597	0.97194	0.97157	0.9949	921	0	-0.29597
Region_436	6	0.89701	0.89776	1.0	835	0	0.59476	0.084585	0.084196	0.840329	95	1	0.59476
Region_907	3	0.89892	0.89917	1.0	836	0	0.052601	0.66852	0.6685	0.960238	658	0	0.052601
Region_720	6	0.90021	0.90149	1.0	837	0	-0.10611	0.257	0.25615	0.875543	273	0	-0.10611
Region_713	9	0.90252	0.90354	1.0	838	1	0.25661	0.091791	0.092671	0.840329	107	1	0.25661
Region_846	2	0.90289	0.90197	1.0	839	0	0.37496	0.36491	0.3631	0.88422	388	0	0.37496
Region_24	3	0.90544	0.9055	1.0	840	0	0.30562	0.48349	0.48234	0.919479	495	0	0.30562
Region_447	3	0.90821	0.90838	1.0	841	0	0.15542	0.27855	0.27742	0.875543	301	0	0.15542
Region_663	24	0.90949	0.9772	1.0	842	3	0.16837	0.74564	0.74783	0.978122	711	0	0.16837
Region_119	3	0.90956	0.90971	1.0	843	0	0.25293	0.49579	0.49395	0.928855	503	0	0.25293
Region_757	6	0.90968	0.91071	1.0	844	0	0.30806	0.30125	0.30063	0.875543	324	0	0.30806
Region_921	15	0.90988	0.95564	1.0	845	2	-0.056259	0.43846	0.43688	0.908854	455	0	-0.056259
Region_790	30	0.91064	0.98353	1.0	846	4	0.19778	0.35846	0.36092	0.88422	379	1	0.19778
Region_570	3	0.91115	0.91129	1.0	847	0	0.44067	0.33015	0.32904	0.875543	355	0	0.44067
Region_190	3	0.91159	0.9117	1.0	848	0	0.30173	0.53363	0.53213	0.953749	525	0	0.30173
Region_579	6	0.9125	0.91325	1.0	849	0	0.20007	0.12303	0.12215	0.853191	138	0	0.20007
Region_131	6	0.91264	0.91339	1.0	850	0	0.12166	0.81931	0.81986	0.978122	784	0	0.12166
Region_821	5	0.91387	0.91438	1.0	851	0	0.025735	0.0075775	0.0097567	0.546941	17	1	0.025735
Region_10	3	0.91401	0.91409	1.0	852	0	0.20678	0.33915	0.3381	0.88422	362	0	0.20678
Region_837	6	0.91573	0.91611	1.0	853	0	0.48554	0.3511	0.35092	0.88422	371	0	0.48554
Region_641	3	0.92069	0.92062	1.0	854	0	0.14431	0.67371	0.67365	0.961593	662	0	0.14431
Region_559	21	0.92305	0.97713	1.0	855	3	0.32651	0.097375	0.12366	0.853191	112	1	0.32651
Region_532	8	0.92457	0.92445	1.0	856	0	-0.078822	0.87603	0.87474	0.988775	834	0	-0.078822
Region_874	6	0.92548	0.92573	1.0	857	0	0.27172	0.78128	0.78109	0.978122	740	0	0.27172
Region_276	9	0.92708	0.92562	1.0	858	0	0.39321	0.84982	0.84854	0.978781	820	0	0.39321
Region_210	12	0.92729	0.94149	1.0	859	1	0.098774	0.48996	0.48766	0.919479	502	0	0.098774
Region_511	12	0.92911	0.94228	1.0	860	1	-0.04492	0.24341	0.24324	0.875543	263	0	-0.04492
Region_903	9	0.93106	0.92956	1.0	861	0	0.57539	0.077415	0.079355	0.840329	93	1	0.57539
Region_50	3	0.93708	0.93677	1.0	862	0	0.61411	0.13419	0.13467	0.853191	150	0	0.61411
Region_244	3	0.93715	0.93681	1.0	863	0	0.49611	0.25978	0.25887	0.875543	275	0	0.49611
Region_885	6	0.93754	0.93784	1.0	864	0	0.15442	0.70962	0.71035	0.978122	682	0	0.15442
Region_717	9	0.93771	0.93641	1.0	865	0	0.0033625	0.87844	0.87688	0.988775	837	0	0.0033625
Region_865	3	0.93889	0.93857	1.0	866	0	0.16759	0.11965	0.1203	0.853191	135	0	0.16759
Region_879	12	0.94015	0.94798	1.0	867	1	0.24277	0.34509	0.34391	0.88422	367	0	0.24277
Region_41	9	0.94025	0.93899	1.0	868	0	0.29306	0.017287	0.025389	0.647765	33	1	0.29306
Region_667	3	0.94191	0.94156	1.0	869	0	0.21232	0.073858	0.073692	0.825092	89	0	0.21232
Region_410	18	0.94508	0.97595	1.0	870	2	-0.01448	0.10557	0.12133	0.853191	121	1	-0.01448
Region_32	6	0.94637	0.94679	1.0	871	0	0.60486	0.0036887	0.0069054	0.546941	8	2	0.60486
Region_68	12	0.94642	0.95141	1.0	872	1	0.31073	0.17773	0.17768	0.866965	191	1	0.31073
Region_81	12	0.94651	0.95144	1.0	873	1	0.29911	0.64001	0.6379	0.958295	629	0	0.29911
Region_392	9	0.94675	0.94561	1.0	874	0	-0.17005	0.39211	0.38947	0.886925	415	0	-0.17005
Region_656	12	0.94767	0.95201	1.0	875	1	0.32082	0.22305	0.22358	0.866965	244	0	0.32082
Region_171	12	0.9493	0.95303	1.0	876	1	0.31614	0.74617	0.74431	0.978122	713	0	0.31614
Region_354	3	0.9495	0.9494	1.0	877	0	0.62307	0.17741	0.17738	0.866965	190	0	0.62307
Region_906	21	0.95203	0.98364	1.0	878	1	0.20383	0.71814	0.71827	0.978122	688	0	0.20383
Region_164	6	0.95277	0.95284	1.0	879	0	0.016187	0.60929	0.60969	0.953749	599	0	0.016187
Region_372	9	0.95293	0.95201	1.0	880	0	0.13235	0.41273	0.40983	0.900536	431	0	0.13235
Region_124	6	0.95725	0.95692	1.0	881	0	0.13301	0.45781	0.45797	0.910959	475	0	0.13301
Region_195	3	0.95785	0.95792	1.0	882	0	0.30517	0.27206	0.27106	0.875543	291	0	0.30517
Region_725	12	0.95798	0.95898	1.0	883	1	0.16609	0.067502	0.075167	0.825092	82	1	0.16609
Region_258	3	0.95858	0.95857	1.0	884	0	0.45344	0.4769	0.47563	0.914451	492	0	0.45344
Region_548	9	0.95864	0.95798	1.0	885	0	0.43152	0.28437	0.28265	0.875543	305	0	0.43152
Region_84	3	0.95866	0.95865	1.0	886	0	0.24549	0.25062	0.24999	0.875543	269	0	0.24549
Region_52	18	0.96098	0.98288	1.0	887	1	0.35138	0.54133	0.54002	0.953749	533	0	0.35138
Region_839	9	0.96171	0.96132	1.0	888	0	0.020227	0.43952	0.43729	0.908854	456	0	0.020227
Region_901	9	0.96262	0.96224	1.0	889	0	0.29161	0.14304	0.14174	0.853191	158	1	0.29161
Region_791	6	0.96287	0.9626	1.0	890	0	0.24921	0.60953	0.60989	0.953749	600	0	0.24921
Region_381	3	0.96311	0.96291	1.0	891	0	0.46523	0.18893	0.18886	0.866965	201	0	0.46523
Region_440	3	0.96346	0.96332	1.0	892	0	0.46244	0.28693	0.2857	0.875543	310	0	0.46244
Region_494	102	0.96401	0.99896	1.0	893	11	0.23256	0.029577	0.087533	0.840329	46	5	0.23256
Region_444	3	0.96672	0.96649	1.0	894	0	0.29015	0.4338	0.43312	0.906573	451	0	0.29015
Region_295	3	0.96693	0.96667	1.0	895	0	0.42463	0.096918	0.097789	0.840329	111	0	0.42463
Region_375	12	0.96779	0.96772	1.0	896	1	0.080896	0.06627	0.074128	0.825092	80	1	0.080896
Region_615	2	0.96896	0.96827	1.0	897	0	0.56435	0.27402	0.27353	0.875543	294	0	0.56435
Region_441	9	0.969	0.96841	1.0	898	0	0.40705	0.016899	0.025013	0.647765	32	1	0.40705
Region_115	3	0.96947	0.96896	1.0	899	0	0.32281	0.39228	0.39103	0.886925	416	0	0.32281
Region_582	21	0.97167	0.98923	1.0	900	1	0.29571	0.15707	0.17161	0.866965	174	1	0.29571
Region_341	6	0.97334	0.97316	1.0	901	0	0.32626	0.4438	0.44331	0.908854	460	0	0.32626
Region_94	9	0.97476	0.97435	1.0	902	0	0.049677	0.98381	0.98298	0.995537	933	0	0.049677
Region_798	3	0.97507	0.97494	1.0	903	0	0.41512	0.35466	0.35355	0.88422	375	0	0.41512
Region_507	6	0.97542	0.97528	1.0	904	0	0.3345	0.44525	0.44464	0.908854	461	0	0.3345
Region_6	6	0.97655	0.97648	1.0	905	0	0.40189	0.21001	0.20858	0.866965	228	0	0.40189
Region_264	2	0.97815	0.97765	1.0	906	0	0.79419	0.070475	0.070277	0.825092	85	0	0.79419
Region_72	6	0.97887	0.97889	1.0	907	0	0.23654	0.66147	0.66184	0.958295	652	0	0.23654
Region_196	3	0.97894	0.97893	1.0	908	0	0.84026	0.075353	0.075108	0.825092	92	0	0.84026
Region_377	3	0.97904	0.9791	1.0	909	0	0.51219	0.16345	0.16397	0.866965	177	0	0.51219
Region_766	9	0.97934	0.97875	1.0	910	0	0.54757	0.42686	0.42484	0.905751	444	0	0.54757
Region_670	6	0.97956	0.97949	1.0	911	0	0.43526	0.23197	0.23072	0.869773	254	0	0.43526
Region_439	9	0.97984	0.97922	1.0	912	0	0.37969	0.19739	0.1959	0.866965	212	0	0.37969
Region_254	6	0.98031	0.98027	1.0	913	0	0.46435	0.10763	0.10677	0.853191	123	0	0.46435
Region_137	1	0.98044	0.98027	1.0	914	0	1.1563	0.019565	0.019885	0.638488	38	0	1.1563
Region_22	14	0.98067	0.9815	1.0	915	1	0.29342	0.9531	0.95395	0.9949	899	0	0.29342
Region_652	12	0.98075	0.98056	1.0	916	0	0.065356	0.89589	0.89488	0.990353	853	0	0.065356
Region_199	3	0.98107	0.98095	1.0	917	0	0.41638	0.32824	0.32703	0.875543	353	0	0.41638
Region_629	8	0.98179	0.98147	1.0	918	0	-0.071575	0.73094	0.72942	0.978122	703	0	-0.071575
Region_51	3	0.98353	0.98364	1.0	919	0	1.1073	0.012383	0.012747	0.546941	27	1	1.1073
Region_816	6	0.98453	0.98457	1.0	920	0	0.072509	0.53066	0.5313	0.953749	523	0	0.072509
Region_57	6	0.9856	0.9857	1.0	921	0	0.36588	0.20515	0.20346	0.866965	225	0	0.36588
Region_678	3	0.98572	0.98578	1.0	922	0	0.62271	0.31124	0.31019	0.875543	332	0	0.62271
Region_155	6	0.98589	0.986	1.0	923	0	0.39543	0.27696	0.27622	0.875543	298	0	0.39543
Region_231	12	0.98721	0.98692	1.0	924	0	0.42464	0.28674	0.28705	0.875543	309	0	0.42464
Region_789	3	0.98799	0.9881	1.0	925	0	0.79329	0.086827	0.087156	0.840329	99	0	0.79329
Region_297	9	0.98811	0.9873	1.0	926	0	0.54177	0.44729	0.44507	0.908854	463	0	0.54177
Region_342	12	0.98906	0.98894	1.0	927	0	0.22995	0.19704	0.19729	0.866965	211	0	0.22995
Region_212	3	0.99145	0.9916	1.0	928	0	0.70231	0.16967	0.17003	0.866965	183	0	0.70231
Region_59	9	0.99266	0.99226	1.0	929	0	0.21188	0.75113	0.74974	0.978122	716	0	0.21188
Region_857	3	0.99306	0.993	1.0	930	0	0.94514	0.11043	0.1115	0.853191	124	0	0.94514
Region_431	6	0.99342	0.99313	1.0	931	0	0.44007	0.11902	0.11823	0.853191	134	0	0.44007
Region_422	3	0.99364	0.99354	1.0	932	0	0.99534	0.08837	0.088612	0.840329	100	0	0.99534
Region_317	9	0.9938	0.9934	1.0	933	0	0.28116	0.53694	0.53512	0.953749	529	0	0.28116
Region_315	12	0.99395	0.99376	1.0	934	0	0.38751	0.22367	0.22422	0.866965	246	0	0.38751
Region_97	12	0.99475	0.99467	1.0	935	0	0.25618	0.11275	0.11631	0.853191	128	1	0.25618
Region_761	6	0.99514	0.99494	1.0	936	0	0.24175	0.44231	0.44194	0.908854	459	0	0.24175
Region_391	3	0.99516	0.99502	1.0	937	0	0.96425	0.040229	0.039566	0.720255	56	1	0.96425
Region_77	15	0.99586	0.99573	1.0	938	0	0.25337	0.3131	0.31227	0.875543	334	0	0.25337
Region_154	33	0.99598	0.99921	1.0	939	2	0.4808	0.776	0.77431	0.978122	737	0	0.4808
Region_416	3	0.9966	0.99659	1.0	940	0	0.97931	0.022241	0.02232	0.638488	39	1	0.97931
Region_844	15	0.99776	0.99766	1.0	941	0	0.33458	0.48588	0.48508	0.919479	497	0	0.33458
Region_34	9	0.99806	0.99785	1.0	942	0	0.23109	0.47122	0.46957	0.911599	488	0	0.23109
Region_4	3	0.9992	0.99922	1.0	943	0	0.73856	0.060955	0.060475	0.788015	76	0	0.73856
Region_118	3	0.99994	0.99993	1.0	944	0	1.0218	0.055723	0.055506	0.772296	71	0	1.0218
