id	num	neg|score	neg|p-value	neg|fdr	neg|rank	neg|goodsgrna	neg|lfc	pos|score	pos|p-value	pos|fdr	pos|rank	pos|goodsgrna	pos|lfc
Region_494	102	1.0353e-20	4.9501e-06	0.001168	1	87	-1.0742	0.94497	0.9456	1.0	777	0	-1.0742
Region_530	152	8.8784e-10	4.9501e-06	0.001168	2	110	-0.48459	0.45553	0.46338	1.0	299	1	-0.48459
Region_490	30	1.1127e-08	4.9501e-06	0.001168	3	28	-0.88697	1.0	1.0	1.0	944	0	-0.88697
Region_537	79	1.1635e-07	4.9501e-06	0.001168	4	59	-0.54558	0.95529	0.95461	1.0	796	0	-0.54558
Region_161	15	1.7158e-06	3.4651e-05	0.005257	5	12	-1.5013	0.4743	0.4735	1.0	320	0	-1.5013
Region_181	18	1.8828e-06	2.4751e-05	0.004673	6	14	-1.3985	0.92764	0.92752	1.0	753	0	-1.3985
Region_557	33	2.4577e-06	4.4551e-05	0.005257	7	28	-1.0192	0.94001	0.94047	1.0	772	0	-1.0192
Region_562	84	2.7134e-06	7.4252e-05	0.006372	8	55	-0.40085	0.97428	0.97407	1.0	841	0	-0.40085
Region_738	18	3.9334e-06	4.4551e-05	0.005257	9	13	-1.2279	0.72895	0.72905	1.0	515	0	-1.2279
Region_669	15	4.7261e-06	7.4252e-05	0.006372	10	14	-1.3074	0.94343	0.94352	1.0	774	0	-1.3074
Region_52	18	5.2938e-06	5.4451e-05	0.005711	11	16	-0.91975	0.7539	0.75368	1.0	547	0	-0.91975
Region_514	15	5.5432e-06	8.4152e-05	0.00662	12	13	-1.2728	0.73037	0.73148	1.0	517	0	-1.2728
Region_671	69	8.9972e-06	0.00020295	0.013685	13	42	-0.24201	0.98573	0.98538	1.0	885	0	-0.24201
Region_512	33	9.0033e-06	0.00011385	0.008267	14	26	-0.82479	0.90768	0.90815	1.0	726	0	-0.82479
Region_564	47	1.0815e-05	0.00027226	0.015118	15	37	-0.64653	0.94085	0.94083	1.0	773	0	-0.64653
Region_495	15	2.4994e-05	0.00027226	0.015118	16	14	-0.99475	0.99991	0.99991	1.0	943	0	-0.99475
Region_561	53	4.0696e-05	0.00081677	0.026636	17	39	-0.29504	0.73187	0.72944	1.0	520	0	-0.29504
Region_256	51	4.2093e-05	0.00076727	0.026636	18	30	-0.15393	0.98795	0.98784	1.0	891	0	-0.15393
Region_740	29	4.3208e-05	0.00067816	0.026636	19	25	-0.35484	0.92934	0.92967	1.0	756	0	-0.35484
Region_787	6	4.4209e-05	0.00026236	0.015118	20	4	-2.3929	0.49874	0.49904	1.0	332	0	-2.3929
Region_524	12	4.8303e-05	0.00040096	0.021028	21	11	-1.195	0.9976	0.99779	1.0	932	0	-1.195
Region_489	21	4.9885e-05	0.00069796	0.026636	22	15	-0.26789	0.97136	0.97177	1.0	832	0	-0.26789
Region_520	39	5.44e-05	0.00084647	0.026636	23	31	-0.34338	0.99393	0.99415	1.0	913	0	-0.34338
Region_229	24	5.8642e-05	0.00077717	0.026636	24	20	-0.77637	0.99642	0.99663	1.0	926	0	-0.77637
Region_577	24	7.9327e-05	0.0010346	0.029595	25	17	-0.60362	0.91842	0.91964	1.0	741	0	-0.60362
Region_749	9	8.0248e-05	0.00061876	0.026636	26	6	-0.68256	0.62679	0.62494	1.0	422	0	-0.68256
Region_499	6	8.8485e-05	0.00046036	0.022873	27	5	-1.8064	0.98286	0.98276	1.0	874	0	-1.8064
Region_563	12	8.8681e-05	0.00083657	0.026636	28	8	-1.4277	0.967	0.96699	1.0	822	0	-1.4277
Region_814	12	9.5361e-05	0.00088607	0.026982	29	12	-0.62701	0.9999	0.99989	1.0	942	0	-0.62701
Region_463	6	9.7375e-05	0.00050986	0.024065	30	4	-2.2788	0.93035	0.93063	1.0	757	0	-2.2788
Region_836	15	0.00010629	0.0011633	0.031375	31	13	-0.82057	0.97501	0.97517	1.0	845	0	-0.82057
Region_472	25	0.0001075	0.0015692	0.038982	32	21	-0.6696	0.99987	0.99992	1.0	941	0	-0.6696
Region_628	14	0.00011247	0.0011138	0.030924	33	13	-0.62235	0.98782	0.98856	1.0	890	0	-0.62235
Region_935	7	0.00013156	0.00072767	0.026636	34	7	-2.1625	0.99849	0.99856	1.0	935	0	-2.1625
Region_708	13	0.0001378	0.0014702	0.037509	35	9	-0.52032	0.98489	0.98423	1.0	881	0	-0.52032
Region_582	21	0.00013824	0.0018662	0.044042	36	12	-0.53957	0.93736	0.93809	1.0	768	0	-0.53957
Region_430	12	0.00013919	0.0013217	0.034657	37	9	-1.0702	0.23463	0.23474	1.0	141	0	-1.0702
Region_773	15	0.00016134	0.0018068	0.043734	38	10	-1.1694	0.70688	0.70761	1.0	495	0	-1.1694
Region_498	21	0.00017356	0.0022325	0.047897	39	15	-0.92375	0.3845	0.38577	1.0	259	0	-0.92375
Region_687	6	0.00018445	0.0010247	0.029595	40	5	-1.466	0.95207	0.95231	1.0	790	0	-1.466
Region_71	15	0.00019615	0.0021434	0.047055	41	12	-0.89512	0.762	0.76298	1.0	562	0	-0.89512
Region_825	3	0.0002039	0.00063856	0.026636	42	3	-2.2003	0.9998	0.99981	1.0	940	0	-2.2003
Region_728	9	0.00032623	0.0024503	0.0513	43	8	-1.0812	0.89755	0.8957	1.0	711	0	-1.0812
Region_99	15	0.00034239	0.0036086	0.066795	44	12	-0.8658	0.9699	0.9698	1.0	826	0	-0.8658
Region_847	15	0.00042423	0.0044204	0.074516	45	11	-0.97111	0.86213	0.86225	1.0	666	0	-0.97111
Region_743	13	0.00043757	0.0039056	0.067545	46	12	-0.88595	0.97054	0.96925	1.0	828	0	-0.88595
Region_818	6	0.00045923	0.0025889	0.051998	47	3	0.029003	0.48239	0.48295	1.0	324	0	0.029003
Region_823	12	0.00046476	0.0038759	0.067545	48	9	-0.92026	0.89949	0.89849	1.0	713	0	-0.92026
Region_719	5	0.00049027	0.0021236	0.047055	49	5	-1.1229	0.99951	0.99952	1.0	939	0	-1.1229
Region_272	6	0.0004968	0.0027869	0.052617	50	4	-1.488	0.59659	0.59667	1.0	404	0	-1.488
Region_233	42	0.00053819	0.0073311	0.098789	51	24	-0.16837	0.65713	0.65732	1.0	449	0	-0.16837
Region_525	15	0.00059431	0.0059055	0.089378	52	13	-0.79021	0.93364	0.93344	1.0	765	0	-0.79021
Region_336	21	0.00061273	0.007143	0.098789	53	16	-0.87161	0.51866	0.5199	1.0	349	0	-0.87161
Region_487	24	0.00063801	0.0067965	0.098706	54	18	-0.64348	0.99548	0.99584	1.0	922	0	-0.64348
Region_509	4	0.00067388	0.002678	0.052617	55	4	-2.0192	0.97142	0.97191	1.0	833	0	-2.0192
Region_55	6	0.00069821	0.003767	0.067545	56	5	-1.6295	0.81684	0.81721	1.0	622	0	-1.6295
Region_1	38	0.00070421	0.0088359	0.104381	57	26	-0.53467	0.9512	0.95159	1.0	789	0	-0.53467
Region_820	3	0.00070699	0.0020147	0.046387	58	2	-3.251	0.12014	0.1208	1.0	60	0	-3.251
Region_606	4	0.00071421	0.0027869	0.052617	59	4	-2.0635	0.94849	0.94783	1.0	784	0	-2.0635
Region_355	6	0.00072661	0.0039353	0.067545	60	6	-0.92668	0.99927	0.99928	1.0	938	0	-0.92668
Region_462	27	0.00075489	0.0088458	0.104381	61	20	-0.465	0.96937	0.96958	1.0	823	0	-0.465
Region_831	12	0.00076729	0.0059352	0.089378	62	9	-0.94283	0.99893	0.99892	1.0	937	0	-0.94283
Region_437	10	0.00078209	0.0057075	0.089378	63	9	-0.51563	0.47081	0.47194	1.0	316	0	-0.51563
Region_737	19	0.00078955	0.007737	0.101441	64	12	-0.43942	0.65547	0.65504	1.0	445	0	-0.43942
Region_790	30	0.00079025	0.0092616	0.106576	65	18	-0.28292	0.15809	0.16063	1.0	85	1	-0.28292
Region_389	9	0.00085021	0.0059649	0.089378	66	8	-0.48752	0.86955	0.86825	1.0	676	0	-0.48752
Region_576	3	0.00088557	0.0024998	0.0513	67	2	-0.80239	0.6524	0.65148	1.0	439	0	-0.80239
Region_900	6	0.00090238	0.0047075	0.077964	68	6	-1.4747	0.99725	0.99707	1.0	930	0	-1.4747
Region_840	27	0.00096474	0.010984	0.118503	69	21	-0.65069	0.9658	0.96619	1.0	819	0	-0.65069
Region_483	10	0.00098251	0.0070737	0.098789	70	6	-0.55063	0.082202	0.082276	1.0	42	1	-0.55063
Region_627	9	0.0010541	0.0074004	0.098789	71	7	-1.083	0.51953	0.51726	1.0	350	0	-1.083
Region_837	6	0.0010588	0.0054996	0.089378	72	3	-0.9714	0.95244	0.95256	1.0	791	0	-0.9714
Region_700	18	0.0010659	0.0093705	0.106576	73	15	-0.72506	0.9938	0.99359	1.0	912	0	-0.72506
Region_260	6	0.0011467	0.0058659	0.089378	74	4	-0.72955	0.51278	0.5135	1.0	345	0	-0.72955
Region_215	6	0.0012005	0.0061233	0.090318	75	5	-1.3595	0.6677	0.66798	1.0	459	0	-1.3595
Region_826	7	0.0012436	0.007341	0.098789	76	6	-1.0386	0.75697	0.75629	1.0	551	0	-1.0386
Region_280	15	0.0012568	0.010846	0.118503	77	11	-0.79529	0.92839	0.92821	1.0	755	0	-0.79529
Region_322	9	0.0012709	0.0087963	0.104381	78	5	-0.54518	0.32219	0.32012	1.0	204	0	-0.54518
Region_654	9	0.0013262	0.009222	0.106576	79	8	-0.90366	0.99579	0.99568	1.0	925	0	-0.90366
Region_360	6	0.0014491	0.0074301	0.098789	80	6	-0.84188	0.99855	0.99844	1.0	936	0	-0.84188
Region_375	12	0.0014612	0.011162	0.118503	81	8	-1.0181	0.57205	0.56931	1.0	387	0	-1.0181
Region_902	12	0.0014976	0.011469	0.118702	82	9	-0.85167	0.76093	0.75918	1.0	558	0	-0.85167
Region_664	7	0.0015093	0.0086478	0.104381	83	6	-1.3702	0.27878	0.27853	1.0	178	0	-1.3702
Region_610	16	0.0015392	0.012806	0.125925	84	13	-0.75652	0.97178	0.97162	1.0	836	0	-0.75652
Region_879	12	0.0015621	0.011885	0.119358	85	7	-0.56734	0.96571	0.96559	1.0	818	0	-0.56734
Region_506	15	0.0015822	0.01338	0.127584	86	11	-0.68425	0.98023	0.98062	1.0	864	0	-0.68425
Region_124	6	0.0016014	0.0082419	0.104381	87	4	-1.4423	0.21249	0.21102	1.0	125	0	-1.4423
Region_222	27	0.001606	0.017023	0.13815	88	20	-0.58026	0.87958	0.87992	1.0	690	0	-0.58026
Region_578	9	0.0016418	0.011172	0.118503	89	8	-0.78565	0.79185	0.79145	1.0	592	0	-0.78565
Region_136	6	0.001686	0.0085191	0.104381	90	6	-1.5006	0.99831	0.99813	1.0	933	0	-1.5006
Region_230	10	0.0016952	0.01142	0.118702	91	9	-0.82485	0.96265	0.96358	1.0	810	0	-0.82485
Region_31	9	0.0017258	0.011727	0.119033	92	6	-0.67674	0.97109	0.97069	1.0	830	0	-0.67674
Region_378	14	0.0018177	0.014083	0.129072	93	11	-0.9158	0.99548	0.99544	1.0	921	0	-0.9158
Region_504	24	0.0019706	0.018538	0.142276	94	17	-0.50351	0.99499	0.9954	1.0	918	0	-0.50351
Region_697	6	0.0020201	0.010311	0.115877	95	3	-0.92748	0.57509	0.5754	1.0	388	0	-0.92748
Region_839	9	0.0020247	0.01338	0.127584	96	8	-0.64459	0.25444	0.25253	1.0	159	0	-0.64459
Region_302	17	0.0020488	0.016291	0.13815	97	12	-0.75961	0.31245	0.31178	1.0	194	0	-0.75961
Region_250	6	0.0020833	0.010559	0.117262	98	5	-1.62	0.87429	0.87537	1.0	679	0	-1.62
Region_921	15	0.0020877	0.016974	0.13815	99	13	-0.43008	0.96433	0.96383	1.0	816	0	-0.43008
Region_292	39	0.0022557	0.025151	0.169185	100	23	-0.31062	0.73637	0.73731	1.0	528	0	-0.31062
Region_109	15	0.0022794	0.018419	0.142276	101	12	-0.63252	0.45897	0.45791	1.0	302	0	-0.63252
Region_493	42	0.0024401	0.02731	0.170731	102	25	-0.27858	0.98852	0.98864	1.0	892	0	-0.27858
Region_538	9	0.0025299	0.016172	0.13815	103	7	-1.1928	0.95746	0.95676	1.0	803	0	-1.1928
Region_341	6	0.0026218	0.013004	0.126554	104	4	-0.28882	0.65287	0.65299	1.0	440	0	-0.28882
Region_194	8	0.0026294	0.015538	0.135817	105	7	-0.58163	0.99513	0.99508	1.0	919	0	-0.58163
Region_19	9	0.0026517	0.016786	0.13815	106	6	-0.54646	0.53276	0.53121	1.0	359	0	-0.54646
Region_85	9	0.0026543	0.016815	0.13815	107	7	-0.28386	0.92429	0.92293	1.0	746	0	-0.28386
Region_218	22	0.0027385	0.02431	0.167182	108	17	-0.36252	0.99422	0.99441	1.0	914	0	-0.36252
Region_18	6	0.0027402	0.013519	0.127617	109	6	-1.0485	0.98495	0.98502	1.0	882	0	-1.0485
Region_532	8	0.0027761	0.01635	0.13815	110	7	-1.0409	0.9033	0.90299	1.0	719	0	-1.0409
Region_698	9	0.002797	0.017756	0.140537	111	8	-1.1714	0.78522	0.78462	1.0	584	0	-1.1714
Region_742	6	0.0028356	0.013925	0.128871	112	4	-0.81494	0.93359	0.93395	1.0	764	0	-0.81494
Region_62	9	0.0028465	0.018033	0.140689	113	8	-0.66382	0.69147	0.68981	1.0	477	0	-0.66382
Region_531	21	0.0028539	0.025775	0.170545	114	15	-0.40837	0.86825	0.87065	1.0	672	0	-0.40837
Region_481	27	0.0028561	0.028042	0.170814	115	19	-0.31062	0.57091	0.57403	1.0	386	0	-0.31062
Region_30	6	0.0030119	0.014707	0.133492	116	3	-0.10678	0.75231	0.75196	1.0	545	0	-0.10678
Region_785	11	0.0030299	0.020498	0.151176	117	9	-0.90156	0.79564	0.79604	1.0	599	0	-0.90156
Region_382	15	0.0030912	0.023924	0.167182	118	9	-0.22356	0.58686	0.58741	1.0	396	0	-0.22356
Region_676	9	0.0031623	0.019746	0.146773	119	8	-0.99788	0.75771	0.7569	1.0	553	0	-0.99788
Region_27	6	0.0031854	0.015479	0.135817	120	6	-1.0245	0.99681	0.99656	1.0	928	0	-1.0245
Region_249	6	0.0031928	0.015519	0.135817	121	5	-0.96086	0.95784	0.9576	1.0	804	0	-0.96086
Region_154	33	0.0032147	0.032507	0.17903	122	24	-0.39761	0.87576	0.87617	1.0	683	0	-0.39761
Region_255	3	0.0032252	0.0086973	0.104381	123	3	-1.3351	0.99677	0.99673	1.0	927	0	-1.3351
Region_800	3	0.0032773	0.0088161	0.104381	124	2	-0.18711	0.18396	0.18414	1.0	104	0	-0.18711
Region_312	9	0.0034474	0.021389	0.156524	125	7	-0.88858	0.98776	0.98701	1.0	888	0	-0.88858
Region_659	9	0.0035237	0.021825	0.158483	126	6	-0.83835	0.30258	0.30075	1.0	191	0	-0.83835
Region_881	6	0.0035425	0.01738	0.139038	127	6	-1.2966	0.99196	0.99192	1.0	905	0	-1.2966
Region_559	21	0.0035567	0.03123	0.174446	128	12	-0.50079	0.15472	0.15457	1.0	81	1	-0.50079
Region_477	23	0.0036259	0.030676	0.174149	129	17	-0.51122	0.37618	0.37545	1.0	252	0	-0.51122
Region_364	42	0.0036724	0.038398	0.194605	130	24	-0.13651	0.57559	0.57383	1.0	390	0	-0.13651
Region_566	34	0.0037032	0.03621	0.187815	131	20	-0.16906	0.33759	0.33786	1.0	215	0	-0.16906
Region_86	14	0.003783	0.027231	0.170731	132	7	-0.28788	0.68115	0.68111	1.0	463	0	-0.28788
Region_436	6	0.0039306	0.019192	0.144935	133	3	0.15533	0.36403	0.36405	1.0	234	0	0.15533
Region_65	36	0.0039413	0.038002	0.194367	134	23	-0.47857	0.6895	0.68786	1.0	475	0	-0.47857
Region_40	11	0.0039448	0.025854	0.170545	135	9	-0.96105	0.38391	0.38259	1.0	258	0	-0.96105
Region_609	18	0.0039924	0.030844	0.174149	136	12	-0.6686	0.59186	0.59118	1.0	399	0	-0.6686
Region_828	18	0.0040002	0.030884	0.174149	137	14	-0.4159	0.75749	0.7573	1.0	552	0	-0.4159
Region_829	9	0.0040341	0.024221	0.167182	138	7	-0.81728	0.98866	0.98792	1.0	894	0	-0.81728
Region_372	9	0.0040631	0.02431	0.167182	139	8	-0.6635	0.77508	0.77433	1.0	571	0	-0.6635
Region_362	9	0.0041109	0.024587	0.167182	140	8	-0.77931	0.99709	0.99692	1.0	929	0	-0.77931
Region_297	9	0.0041158	0.024617	0.167182	141	8	-1.1621	0.81426	0.81325	1.0	617	0	-1.1621
Region_453	15	0.0041732	0.030745	0.174149	142	10	-0.63435	0.81924	0.81963	1.0	625	0	-0.63435
Region_871	8	0.0042449	0.023686	0.167182	143	7	-0.82438	0.97859	0.9783	1.0	859	0	-0.82438
Region_446	3	0.004345	0.011568	0.118702	144	3	-1.5485	0.99566	0.9955	1.0	923	0	-1.5485
Region_736	9	0.004462	0.026092	0.170545	145	8	-1.0168	0.87563	0.87401	1.0	681	0	-1.0168
Region_919	9	0.0045171	0.02629	0.170545	146	8	-0.73407	0.94746	0.94633	1.0	779	0	-0.73407
Region_352	3	0.0045534	0.012103	0.120266	147	3	-0.67054	0.90077	0.901	1.0	716	0	-0.67054
Region_441	9	0.0046217	0.026785	0.170731	148	5	-0.038068	0.81346	0.81247	1.0	616	0	-0.038068
Region_772	9	0.004681	0.027206	0.170731	149	8	-0.89512	0.95419	0.95342	1.0	794	0	-0.89512
Region_484	21	0.0047586	0.038942	0.194605	150	14	-0.35403	0.83821	0.83978	1.0	641	0	-0.35403
Region_901	9	0.0049164	0.028339	0.170814	151	7	-0.89725	0.18073	0.17948	1.0	101	0	-0.89725
Region_87	21	0.0050926	0.041249	0.199526	152	12	-0.066009	0.41279	0.4141	1.0	274	0	-0.066009
Region_656	12	0.0051099	0.03327	0.17903	153	7	-0.41202	0.37575	0.37405	1.0	251	0	-0.41202
Region_542	12	0.005133	0.033379	0.17903	154	10	-0.44044	0.9876	0.98728	1.0	887	0	-0.44044
Region_432	9	0.0051627	0.029498	0.174149	155	5	-0.10896	0.84869	0.84725	1.0	653	0	-0.10896
Region_271	3	0.0052189	0.013836	0.128871	156	3	-1.5548	0.99478	0.99469	1.0	917	0	-1.5548
Region_458	6	0.0052586	0.02527	0.169185	157	6	-0.97415	0.99134	0.99123	1.0	904	0	-0.97415
Region_49	6	0.0055081	0.026448	0.170545	158	5	-0.90014	0.34337	0.34315	1.0	217	0	-0.90014
Region_533	12	0.0056361	0.035953	0.187815	159	10	-0.60727	0.95903	0.95875	1.0	807	0	-0.60727
Region_95	33	0.0057164	0.051961	0.219668	160	22	-0.29987	0.89583	0.89581	1.0	707	0	-0.29987
Region_666	3	0.0057632	0.015479	0.135817	161	2	-0.1053	0.19967	0.19926	1.0	113	0	-0.1053
Region_747	6	0.0058931	0.028181	0.170814	162	5	-0.87298	0.92333	0.92358	1.0	745	0	-0.87298
Region_889	6	0.0059017	0.028191	0.170814	163	5	-1.311	0.97288	0.97276	1.0	839	0	-1.311
Region_928	9	0.0059223	0.033062	0.17903	164	7	-0.94443	0.65871	0.65652	1.0	451	0	-0.94443
Region_335	9	0.0059347	0.033101	0.17903	165	8	-0.32794	0.98144	0.98058	1.0	870	0	-0.32794
Region_223	6	0.0059356	0.028409	0.170814	166	3	-0.86883	0.94955	0.94997	1.0	786	0	-0.86883
Region_775	8	0.0060148	0.031567	0.175289	167	4	0.01609	0.50936	0.50891	1.0	340	0	0.01609
Region_135	6	0.0062201	0.029666	0.174149	168	3	-0.43311	0.65083	0.65091	1.0	437	0	-0.43311
Region_151	3	0.0062945	0.016677	0.13815	169	3	-2.176	0.99059	0.99063	1.0	900	0	-2.176
Region_806	15	0.006295	0.043338	0.200798	170	12	-0.7369	0.87694	0.8763	1.0	688	0	-0.7369
Region_39	33	0.0063215	0.056218	0.223651	171	22	-0.34894	0.99727	0.9975	1.0	931	0	-0.34894
Region_78	21	0.0063439	0.049773	0.215956	172	13	-0.096741	0.77881	0.77924	1.0	577	0	-0.096741
Region_7	6	0.006348	0.030181	0.174149	173	3	-0.084931	0.76209	0.76179	1.0	563	0	-0.084931
Region_780	3	0.0064487	0.017122	0.13815	174	3	-1.3535	0.99355	0.99352	1.0	911	0	-1.3535
Region_318	6	0.0064558	0.030686	0.174149	175	4	-1.0812	0.91729	0.91767	1.0	739	0	-1.0812
Region_757	6	0.0064879	0.030824	0.174149	176	4	-0.38796	0.37124	0.37122	1.0	244	0	-0.38796
Region_468	17	0.0068232	0.047536	0.210675	177	10	-0.086611	0.70269	0.70344	1.0	486	0	-0.086611
Region_91	12	0.0068431	0.041952	0.199526	178	9	-0.78195	0.33577	0.33447	1.0	214	0	-0.78195
Region_553	24	0.0068661	0.054496	0.221741	179	18	-0.43919	0.9694	0.97047	1.0	824	0	-0.43919
Region_674	6	0.0070158	0.03325	0.17903	180	4	-1.0126	0.78557	0.78514	1.0	585	0	-1.0126
Region_204	3	0.0072033	0.019132	0.144935	181	3	-2.0434	0.89294	0.89369	1.0	704	0	-2.0434
Region_748	6	0.0072131	0.034151	0.180155	182	4	-1.304	0.50677	0.50716	1.0	337	0	-1.304
Region_762	13	0.0072706	0.046734	0.21008	183	8	-0.58296	0.84588	0.84353	1.0	649	0	-0.58296
Region_190	3	0.007343	0.019469	0.145861	184	3	-1.2167	0.99266	0.99262	1.0	908	0	-1.2167
Region_729	40	0.0075186	0.068702	0.248487	185	27	-0.30309	0.90741	0.90873	1.0	725	0	-0.30309
Region_770	18	0.0075939	0.052209	0.219668	186	13	-0.49943	0.80544	0.80548	1.0	607	0	-0.49943
Region_527	4	0.0076956	0.026557	0.170545	187	4	-0.58886	0.9923	0.99273	1.0	907	0	-0.58886
Region_90	8	0.0078482	0.038962	0.194605	188	5	-0.83334	0.62597	0.62543	1.0	421	0	-0.83334
Region_306	8	0.0079222	0.039338	0.19545	189	7	-0.76365	0.98888	0.98852	1.0	895	0	-0.76365
Region_421	12	0.0080392	0.047922	0.211394	190	9	-0.60198	0.99578	0.99579	1.0	924	0	-0.60198
Region_727	6	0.0080764	0.037685	0.194367	191	4	-0.52209	0.88974	0.89057	1.0	700	0	-0.52209
Region_710	6	0.0081916	0.038091	0.194367	192	5	-0.68825	0.85102	0.8518	1.0	655	0	-0.68825
Region_445	15	0.0082247	0.05403	0.221741	193	10	-0.51555	0.8973	0.89693	1.0	710	0	-0.51555
Region_186	6	0.0083568	0.038774	0.194605	194	5	-0.65915	0.9554	0.95514	1.0	797	0	-0.65915
Region_369	27	0.0086271	0.070445	0.252852	195	18	-0.41499	0.98908	0.9891	1.0	897	0	-0.41499
Region_282	15	0.008686	0.056387	0.223651	196	12	-0.61913	0.098657	0.098977	1.0	47	1	-0.61913
Region_752	3	0.0087062	0.023162	0.166904	197	3	-1.3085	0.99129	0.99141	1.0	903	0	-1.3085
Region_486	21	0.0089293	0.066079	0.243882	198	14	-0.50704	0.72074	0.72081	1.0	510	0	-0.50704
Region_602	3	0.00893	0.023736	0.167182	199	1	0.4155	0.63953	0.63899	1.0	430	0	0.4155
Region_536	6	0.0090361	0.041546	0.199526	200	4	-0.3768	0.54153	0.54202	1.0	367	0	-0.3768
Region_803	28	0.0090458	0.071682	0.254392	201	19	-0.24383	0.98198	0.98243	1.0	871	0	-0.24383
Region_507	6	0.0090617	0.041655	0.199526	202	3	-0.6917	0.72683	0.72685	1.0	513	0	-0.6917
Region_518	4	0.0090947	0.030993	0.174149	203	4	-1.2108	0.97556	0.97622	1.0	848	0	-1.2108
Region_830	36	0.009114	0.075603	0.25765	204	23	-0.3792	0.99443	0.99443	1.0	915	0	-0.3792
Region_590	5	0.0092969	0.036151	0.187815	205	5	-0.92925	0.9907	0.99018	1.0	902	0	-0.92925
Region_156	9	0.0093169	0.049367	0.215956	206	6	-0.96853	0.74136	0.73972	1.0	537	0	-0.96853
Region_844	15	0.0093387	0.059634	0.232362	207	11	-0.42738	0.207	0.20719	1.0	118	0	-0.42738
Region_475	6	0.0093809	0.043101	0.200798	208	6	-0.554	0.99062	0.9906	1.0	901	0	-0.554
Region_925	6	0.0094874	0.043566	0.200798	209	5	-1.1373	0.43907	0.43871	1.0	288	0	-1.1373
Region_816	6	0.0095008	0.043605	0.200798	210	6	-0.63779	0.9905	0.99046	1.0	899	0	-0.63779
Region_340	6	0.009577	0.043912	0.201229	211	5	-1.0808	0.70374	0.70445	1.0	488	0	-1.0808
Region_270	9	0.0097056	0.051149	0.218484	212	6	-0.92946	0.80488	0.80416	1.0	606	0	-0.92946
Region_183	6	0.0098334	0.044972	0.204102	213	6	-0.66098	0.99017	0.99015	1.0	898	0	-0.66098
Region_717	9	0.0098818	0.051951	0.219668	214	5	-0.45121	0.60836	0.60628	1.0	411	0	-0.45121
Region_765	13	0.0099679	0.061277	0.235146	215	7	-0.13055	0.75384	0.753	1.0	546	0	-0.13055
Region_74	22	0.0099948	0.07391	0.25653	216	16	-0.25296	0.32117	0.32244	1.0	202	0	-0.25296
Region_691	15	0.010165	0.064218	0.240561	217	11	-0.58204	0.56657	0.56631	1.0	382	0	-0.58204
Region_735	9	0.010227	0.053466	0.220402	218	6	-0.89911	0.8757	0.87409	1.0	682	0	-0.89911
Region_290	8	0.010404	0.049981	0.215956	219	5	-0.79459	0.73274	0.73134	1.0	522	0	-0.79459
Region_926	6	0.010477	0.047427	0.210675	220	5	-0.89393	0.90184	0.90313	1.0	718	0	-0.89393
Region_622	3	0.010885	0.028389	0.170814	221	2	-0.74095	0.59461	0.59407	1.0	401	0	-0.74095
Region_478	6	0.011034	0.049714	0.215956	222	5	-0.75022	0.95555	0.95529	1.0	799	0	-0.75022
Region_410	18	0.011236	0.073217	0.25653	223	11	-0.60935	0.83086	0.83007	1.0	635	0	-0.60935
Region_132	49	0.011265	0.10056	0.292994	224	29	-0.22329	0.58419	0.58417	1.0	394	0	-0.22329
Region_469	6	0.011281	0.050605	0.217141	225	5	-0.94787	0.97323	0.97306	1.0	840	0	-0.94787
Region_166	15	0.011519	0.071207	0.253659	226	12	-0.65656	0.98304	0.98338	1.0	875	0	-0.65656
Region_163	12	0.011732	0.066267	0.243882	227	8	-0.68989	0.97712	0.97698	1.0	851	0	-0.68989
Region_274	3	0.011797	0.030785	0.174149	228	2	-0.16285	0.86928	0.87019	1.0	674	0	-0.16285
Region_565	15	0.01188	0.073237	0.25653	229	10	-0.50123	0.94797	0.94806	1.0	782	0	-0.50123
Region_725	12	0.011895	0.067089	0.245472	230	8	-0.69013	0.88624	0.88521	1.0	695	0	-0.69013
Region_300	6	0.012234	0.054298	0.221741	231	6	-0.39048	0.98777	0.98788	1.0	889	0	-0.39048
Region_459	6	0.012468	0.055416	0.22356	232	5	-0.4363	0.82159	0.82216	1.0	627	0	-0.4363
Region_438	13	0.012517	0.073732	0.25653	233	10	-0.29372	0.69131	0.68957	1.0	476	0	-0.29372
Region_192	26	0.012573	0.090513	0.274739	234	15	-0.35935	0.50457	0.50489	1.0	335	0	-0.35935
Region_13	15	0.012593	0.076761	0.259857	235	12	-0.61755	0.99214	0.9923	1.0	906	0	-0.61755
Region_884	6	0.012637	0.056119	0.223651	236	5	-1.1996	0.70606	0.70663	1.0	492	0	-1.1996
Region_547	13	0.012821	0.075187	0.25765	237	10	-0.57999	0.46799	0.46716	1.0	312	0	-0.57999
Region_845	9	0.012871	0.065168	0.243157	238	7	-0.49592	0.44805	0.4458	1.0	295	0	-0.49592
Region_455	3	0.012936	0.033745	0.179973	239	1	0.61745	0.24451	0.24377	1.0	147	0	0.61745
Region_625	3	0.01314	0.034161	0.180155	240	2	-1.8067	0.60913	0.60924	1.0	412	0	-1.8067
Region_332	6	0.013157	0.058258	0.228196	241	4	-0.86725	0.94895	0.94937	1.0	785	0	-0.86725
Region_417	16	0.013471	0.082464	0.26151	242	11	-0.51646	0.3815	0.38051	1.0	256	0	-0.51646
Region_649	6	0.01361	0.06006	0.232362	243	5	-0.28592	0.97689	0.97684	1.0	850	0	-0.28592
Region_123	9	0.013838	0.069742	0.251284	244	7	-0.44044	0.23029	0.22845	1.0	137	0	-0.44044
Region_174	6	0.014074	0.061772	0.236085	245	5	-0.9716	0.77767	0.77754	1.0	575	0	-0.9716
Region_392	9	0.014158	0.07096	0.253659	246	7	-0.15022	0.61625	0.61447	1.0	419	0	-0.15022
Region_350	11	0.014164	0.07394	0.25653	247	9	-0.51296	0.17356	0.17256	1.0	93	0	-0.51296
Region_188	6	0.014243	0.062277	0.237055	248	5	-0.94224	0.61572	0.61612	1.0	418	0	-0.94224
Region_903	9	0.014418	0.072128	0.255014	249	7	-0.074138	0.28838	0.28658	1.0	183	0	-0.074138
Region_323	6	0.014442	0.063158	0.238243	250	6	-0.62616	0.98556	0.98564	1.0	883	0	-0.62616
Region_184	6	0.014479	0.063346	0.238243	251	4	-0.67874	0.58534	0.58532	1.0	395	0	-0.67874
Region_68	12	0.015607	0.084563	0.264328	252	8	-0.484	0.9602	0.95997	1.0	809	0	-0.484
Region_774	3	0.015863	0.040923	0.199526	253	2	-1.7121	0.7761	0.77742	1.0	573	0	-1.7121
Region_519	3	0.015904	0.041002	0.199526	254	2	-1.6934	0.64882	0.6479	1.0	434	0	-1.6934
Region_17	9	0.016158	0.078959	0.26151	255	7	-0.46913	0.78272	0.78209	1.0	579	0	-0.46913
Region_24	3	0.016352	0.042061	0.199526	256	3	-0.81456	0.98365	0.98379	1.0	880	0	-0.81456
Region_424	9	0.016421	0.080078	0.26151	257	7	-0.59938	0.81459	0.81364	1.0	618	0	-0.59938
Region_764	3	0.016477	0.042437	0.200304	258	1	0.28312	0.46048	0.45969	1.0	305	0	0.28312
Region_37	12	0.016693	0.089552	0.273937	259	8	-0.31745	0.97028	0.97014	1.0	827	0	-0.31745
Region_516	12	0.016728	0.089691	0.273937	260	9	-0.43792	0.81753	0.81588	1.0	624	0	-0.43792
Region_43	9	0.016848	0.082068	0.26151	261	8	-0.47946	0.97866	0.97799	1.0	861	0	-0.47946
Region_359	9	0.01694	0.082444	0.26151	262	7	-0.43147	0.71296	0.71157	1.0	502	0	-0.43147
Region_482	3	0.01694	0.043596	0.200798	263	3	-0.96892	0.98306	0.98302	1.0	877	0	-0.96892
Region_266	8	0.017085	0.076801	0.259857	264	5	-0.85037	0.76073	0.76048	1.0	557	0	-0.85037
Region_632	3	0.017418	0.044685	0.203779	265	3	-0.67578	0.98258	0.98244	1.0	873	0	-0.67578
Region_343	1	0.017673	0.017865	0.140537	266	1	-3.1024	0.98233	0.98238	1.0	872	0	-3.1024
Region_165	9	0.017868	0.086493	0.268584	267	6	-0.47821	0.75676	0.75583	1.0	549	0	-0.47821
Region_688	3	0.018103	0.046397	0.209565	268	3	-1.6235	0.96365	0.96355	1.0	813	0	-1.6235
Region_179	6	0.018233	0.075504	0.25765	269	3	0.26037	0.00032804	0.00050986	0.481308	1	1	0.26037
Region_315	12	0.01837	0.096878	0.287631	270	8	-0.50765	0.42658	0.4238	1.0	281	0	-0.50765
Region_205	9	0.018402	0.088731	0.273692	271	6	-0.86128	0.91032	0.90865	1.0	729	0	-0.86128
Region_739	15	0.018538	0.10501	0.301295	272	11	-0.33261	0.91079	0.91078	1.0	732	0	-0.33261
Region_778	4	0.018778	0.059961	0.232362	273	4	-0.9894	0.98122	0.98175	1.0	867	0	-0.9894
Region_131	6	0.018903	0.077415	0.260506	274	4	-0.22217	0.97494	0.97482	1.0	844	0	-0.22217
Region_623	9	0.01902	0.090958	0.275207	275	7	-0.7392	0.99312	0.99273	1.0	909	0	-0.7392
Region_711	6	0.019034	0.077682	0.260506	276	4	-0.93656	0.66083	0.66106	1.0	454	0	-0.93656
Region_620	10	0.019466	0.093205	0.281105	277	8	-0.22164	0.72078	0.72075	1.0	511	0	-0.22164
Region_603	3	0.019479	0.0501	0.215956	278	3	-0.95425	0.98052	0.9804	1.0	866	0	-0.95425
Region_102	6	0.019589	0.079246	0.26151	279	4	-0.16824	0.90861	0.90963	1.0	727	0	-0.16824
Region_758	9	0.019658	0.093552	0.281252	280	7	-0.46509	0.93922	0.93785	1.0	771	0	-0.46509
Region_327	21	0.019724	0.12354	0.337056	281	14	-0.47813	0.87937	0.88184	1.0	689	0	-0.47813
Region_943	9	0.019789	0.094017	0.281753	282	7	-0.39258	0.98559	0.98469	1.0	884	0	-0.39258
Region_397	6	0.020105	0.080711	0.26151	283	4	-0.80913	0.39208	0.39198	1.0	263	0	-0.80913
Region_626	5	0.020169	0.074187	0.25653	284	3	-0.64894	0.91661	0.9173	1.0	737	0	-0.64894
Region_376	3	0.020476	0.052357	0.219668	285	3	-1.1065	0.97952	0.97955	1.0	862	0	-1.1065
Region_241	6	0.020562	0.082147	0.26151	286	5	-0.50211	0.76418	0.76414	1.0	564	0	-0.50211
Region_600	3	0.020624	0.052763	0.220391	287	2	-0.8514	0.10791	0.10906	1.0	51	0	-0.8514
Region_349	6	0.020625	0.082335	0.26151	288	5	-0.48793	0.34175	0.34157	1.0	216	0	-0.48793
Region_863	6	0.020728	0.082553	0.26151	289	5	-0.63938	0.76	0.75957	1.0	556	0	-0.63938
Region_824	9	0.020744	0.097502	0.287631	290	5	-0.38073	0.46971	0.46805	1.0	313	0	-0.38073
Region_422	3	0.020818	0.053139	0.220402	291	1	0.51571	0.53001	0.52831	1.0	356	0	0.51571
Region_325	3	0.02085	0.053248	0.220402	292	3	-1.5612	0.97147	0.97126	1.0	834	0	-1.5612
Region_746	6	0.020886	0.082939	0.261854	293	4	-0.76671	0.35402	0.35383	1.0	225	0	-0.76671
Region_712	6	0.02103	0.083444	0.26257	294	4	-0.9032	0.23701	0.23571	1.0	143	0	-0.9032
Region_668	9	0.021167	0.099057	0.290402	295	7	-0.47946	0.94842	0.94729	1.0	783	0	-0.47946
Region_34	9	0.021271	0.099522	0.290863	296	7	-0.80312	0.11836	0.11724	1.0	58	0	-0.80312
Region_508	15	0.021505	0.11761	0.327503	297	8	-0.48694	0.7362	0.73714	1.0	527	0	-0.48694
Region_208	4	0.021631	0.068138	0.247394	298	3	-1.3524	0.86361	0.86348	1.0	669	0	-1.3524
Region_579	6	0.021664	0.085404	0.266078	299	5	-0.87818	0.78825	0.78787	1.0	588	0	-0.87818
Region_851	18	0.021685	0.12436	0.337348	300	11	-0.41662	0.24657	0.2445	1.0	151	0	-0.41662
Region_621	2	0.021765	0.04013	0.198341	301	2	-1.1721	0.97824	0.97772	1.0	858	0	-1.1721
Region_596	10	0.021789	0.10196	0.295238	302	8	-0.66216	0.32398	0.32573	1.0	206	0	-0.66216
Region_707	3	0.021821	0.055367	0.22356	303	2	-1.4005	0.75692	0.75764	1.0	550	0	-1.4005
Region_70	3	0.022104	0.056119	0.223651	304	3	-0.58967	0.9779	0.97773	1.0	857	0	-0.58967
Region_224	5	0.02231	0.081266	0.26151	305	5	-0.42006	0.97769	0.97739	1.0	856	0	-0.42006
Region_732	2	0.022336	0.041061	0.199526	306	2	-1.386	0.97766	0.97707	1.0	855	0	-1.386
Region_100	3	0.022493	0.056921	0.224827	307	3	-0.53862	0.97751	0.9774	1.0	854	0	-0.53862
Region_405	3	0.022774	0.057565	0.226421	308	3	-0.59058	0.97723	0.97712	1.0	852	0	-0.59058
Region_679	27	0.023361	0.15327	0.386181	309	14	-0.045966	0.77781	0.7798	1.0	576	0	-0.045966
Region_391	3	0.024008	0.060426	0.232825	310	2	-1.5026	0.79886	0.79985	1.0	602	0	-1.5026
Region_173	8	0.024144	0.10326	0.297199	311	7	-0.65563	0.79133	0.79041	1.0	591	0	-0.65563
Region_492	20	0.024218	0.14136	0.367614	312	11	-0.34734	0.95825	0.95921	1.0	806	0	-0.34734
Region_275	7	0.02439	0.097304	0.287631	313	4	-0.91281	0.44511	0.44376	1.0	293	0	-0.91281
Region_741	15	0.024534	0.12981	0.348118	314	10	-0.38151	0.89715	0.89674	1.0	709	0	-0.38151
Region_744	5	0.024785	0.089008	0.273692	315	5	-0.61475	0.97521	0.97504	1.0	847	0	-0.61475
Region_630	3	0.025154	0.062931	0.238243	316	3	-0.74695	0.97485	0.97468	1.0	843	0	-0.74695
Region_934	6	0.025575	0.096977	0.287631	317	5	-0.66661	0.70602	0.70655	1.0	491	0	-0.66661
Region_413	6	0.025951	0.098136	0.288599	318	4	-0.77595	0.65113	0.65124	1.0	438	0	-0.77595
Region_651	10	0.02602	0.11711	0.327255	319	7	-0.56933	0.46017	0.46181	1.0	304	0	-0.56933
Region_706	3	0.026405	0.065831	0.243882	320	2	-0.12425	0.50431	0.50228	1.0	334	0	-0.12425
Region_158	9	0.026406	0.11657	0.327255	321	6	-0.82938	0.91836	0.91732	1.0	740	0	-0.82938
Region_346	3	0.02668	0.066396	0.243882	322	2	-1.4411	0.29385	0.2926	1.0	187	0	-1.4411
Region_723	9	0.027149	0.11877	0.328788	323	7	-0.62061	0.9947	0.99468	1.0	916	0	-0.62061
Region_642	3	0.027305	0.067861	0.247339	324	3	-0.98484	0.97269	0.97269	1.0	837	0	-0.98484
Region_471	6	0.027589	0.10292	0.297108	325	5	-0.76574	0.92557	0.92581	1.0	749	0	-0.76574
Region_776	9	0.028186	0.12204	0.334914	326	7	-0.7616	0.98049	0.97975	1.0	865	0	-0.7616
Region_262	9	0.028379	0.12272	0.335785	327	5	-0.75294	0.69423	0.69279	1.0	481	0	-0.75294
Region_663	24	0.028735	0.16993	0.409224	328	16	-0.3827	0.91268	0.91445	1.0	735	0	-0.3827
Region_660	15	0.02973	0.15047	0.382863	329	9	-0.20207	0.20621	0.20624	1.0	115	0	-0.20207
Region_797	6	0.030293	0.11061	0.314506	330	4	-0.738	0.97081	0.97071	1.0	829	0	-0.738
Region_648	3	0.030588	0.075157	0.25765	331	3	-0.95288	0.93379	0.93348	1.0	766	0	-0.95288
Region_888	10	0.030707	0.13333	0.351577	332	7	-0.26417	0.70586	0.70603	1.0	490	0	-0.26417
Region_792	9	0.030828	0.1307	0.349089	333	5	-0.12753	0.79567	0.79543	1.0	600	0	-0.12753
Region_239	9	0.031002	0.13116	0.349089	334	7	-0.40101	0.55986	0.55835	1.0	380	0	-0.40101
Region_59	9	0.031158	0.13165	0.349089	335	4	0.15674	0.85273	0.85151	1.0	658	0	0.15674
Region_906	21	0.031182	0.17501	0.416147	336	15	-0.36698	0.81278	0.81437	1.0	613	0	-0.36698
Region_896	3	0.031777	0.077821	0.260506	337	3	-1.2919	0.95513	0.95504	1.0	795	0	-1.2919
Region_777	3	0.032318	0.079058	0.26151	338	3	-1.4086	0.91949	0.91958	1.0	742	0	-1.4086
Region_265	6	0.032407	0.11688	0.327255	339	4	-0.60581	0.68221	0.68249	1.0	465	0	-0.60581
Region_854	6	0.032517	0.11715	0.327255	340	5	-0.76894	0.94759	0.94793	1.0	781	0	-0.76894
Region_116	3	0.033189	0.080919	0.26151	341	2	-0.30138	0.43219	0.4314	1.0	283	0	-0.30138
Region_267	9	0.033214	0.13796	0.359774	342	7	-0.54539	0.96342	0.96301	1.0	811	0	-0.54539
Region_295	3	0.03364	0.08181	0.26151	343	3	-0.78334	0.96636	0.96617	1.0	821	0	-0.78334
Region_476	6	0.033711	0.12055	0.331776	344	5	-0.29834	0.89531	0.89591	1.0	705	0	-0.29834
Region_8	3	0.033893	0.082414	0.26151	345	2	-1.3824	0.8586	0.85959	1.0	663	0	-1.3824
Region_157	3	0.034703	0.084533	0.264328	346	2	-1.3076	0.37344	0.37258	1.0	248	0	-1.3076
Region_511	12	0.034878	0.15643	0.390794	347	8	-0.39356	0.99354	0.99337	1.0	910	0	-0.39356
Region_180	12	0.034907	0.15653	0.390794	348	9	-0.41647	0.98859	0.98843	1.0	893	0	-0.41647
Region_614	5	0.034975	0.11806	0.327804	349	4	-0.78633	0.95639	0.95684	1.0	801	0	-0.78633
Region_285	12	0.035115	0.15732	0.390794	350	7	-0.46793	0.81281	0.81139	1.0	614	0	-0.46793
Region_377	3	0.036026	0.087562	0.271013	351	3	-0.43457	0.96397	0.96385	1.0	814	0	-0.43457
Region_899	6	0.036549	0.12847	0.346502	352	4	-0.53816	0.65512	0.65538	1.0	444	0	-0.53816
Region_768	6	0.036684	0.12894	0.346766	353	4	-0.94143	0.89002	0.89092	1.0	701	0	-0.94143
Region_69	15	0.036918	0.17803	0.420152	354	8	-0.10498	0.7075	0.70838	1.0	498	0	-0.10498
Region_254	6	0.037984	0.13238	0.350048	355	4	-0.85508	0.92217	0.92254	1.0	744	0	-0.85508
Region_236	3	0.038856	0.094324	0.281779	356	2	-0.51983	0.73878	0.73981	1.0	535	0	-0.51983
Region_25	11	0.039807	0.17063	0.409848	357	8	-0.39402	0.59763	0.59781	1.0	405	0	-0.39402
Region_598	9	0.039844	0.15773	0.390794	358	5	-0.30743	0.68346	0.68155	1.0	470	0	-0.30743
Region_541	6	0.039976	0.13738	0.359244	359	4	-0.79255	0.90372	0.90492	1.0	720	0	-0.79255
Region_80	12	0.040827	0.1766	0.417832	360	5	0.12869	0.86288	0.8617	1.0	668	0	0.12869
Region_479	3	0.042044	0.10195	0.295238	361	3	-0.41116	0.95796	0.95801	1.0	805	0	-0.41116
Region_539	9	0.042618	0.16621	0.404386	362	7	-0.61388	0.82403	0.82285	1.0	629	0	-0.61388
Region_227	6	0.042653	0.14475	0.372317	363	5	-0.43282	0.96006	0.95984	1.0	808	0	-0.43282
Region_485	5	0.042712	0.13607	0.356815	364	3	-0.91417	0.79249	0.7932	1.0	593	0	-0.91417
Region_461	18	0.042937	0.20987	0.458604	365	13	-0.37676	0.5366	0.53548	1.0	363	0	-0.37676
Region_361	3	0.043725	0.10587	0.302846	366	2	-1.2447	0.73464	0.73567	1.0	524	0	-1.2447
Region_497	15	0.043982	0.20355	0.452259	367	9	-0.38886	0.64129	0.64228	1.0	432	0	-0.38886
Region_152	18	0.044048	0.21381	0.461868	368	11	-0.36518	0.96949	0.96956	1.0	825	0	-0.36518
Region_342	12	0.044174	0.18732	0.433743	369	7	-0.57625	0.25532	0.25477	1.0	160	0	-0.57625
Region_549	3	0.04424	0.10713	0.305517	370	2	-1.2688	0.70398	0.70514	1.0	489	0	-1.2688
Region_684	2	0.044264	0.079464	0.26151	371	2	-0.99485	0.95574	0.95539	1.0	800	0	-0.99485
Region_326	6	0.044391	0.14915	0.381296	372	4	-0.88927	0.46174	0.46191	1.0	308	0	-0.88927
Region_172	6	0.044528	0.14945	0.381296	373	4	-0.65569	0.93161	0.93192	1.0	760	0	-0.65569
Region_198	6	0.045669	0.15246	0.385846	374	3	-0.47108	0.75528	0.75496	1.0	548	0	-0.47108
Region_311	9	0.045918	0.17565	0.416628	375	6	-0.68474	0.73374	0.73245	1.0	523	0	-0.68474
Region_197	7	0.046181	0.16568	0.404151	376	6	-0.38117	0.70304	0.70337	1.0	487	0	-0.38117
Region_662	3	0.046423	0.11185	0.317069	377	2	-1.1926	0.749	0.75007	1.0	542	0	-1.1926
Region_617	1	0.046774	0.046972	0.210147	378	1	-2.1198	0.95323	0.95353	1.0	793	0	-2.1198
Region_912	13	0.046866	0.20514	0.453512	379	5	0.13442	0.68226	0.68001	1.0	466	0	0.13442
Region_276	9	0.047094	0.17909	0.421598	380	6	-0.39428	0.81119	0.81006	1.0	611	0	-0.39428
Region_79	6	0.047953	0.15839	0.39141	381	4	-0.56916	0.97175	0.97165	1.0	835	0	-0.56916
Region_535	12	0.048559	0.20204	0.451747	382	9	-0.27624	0.966	0.96585	1.0	820	0	-0.27624
Region_97	12	0.048659	0.20242	0.451747	383	9	-0.2707	0.99544	0.99544	1.0	920	0	-0.2707
Region_121	3	0.04898	0.11717	0.327255	384	2	-1.2278	0.72514	0.72662	1.0	512	0	-1.2278
Region_171	12	0.049294	0.20442	0.452997	385	8	-0.48587	0.6864	0.68423	1.0	473	0	-0.48587
Region_129	16	0.049333	0.22112	0.471207	386	9	-0.39484	0.28726	0.28817	1.0	182	0	-0.39484
Region_885	6	0.049794	0.16334	0.400498	387	4	-0.46829	0.95731	0.957	1.0	802	0	-0.46829
Region_414	3	0.050246	0.12004	0.331352	388	3	-0.95865	0.94975	0.9496	1.0	787	0	-0.95865
Region_32	6	0.052009	0.1688	0.408526	389	5	-0.61541	0.77456	0.77457	1.0	569	0	-0.61541
Region_690	3	0.052034	0.124	0.337324	390	2	-1.0647	0.78724	0.78862	1.0	587	0	-1.0647
Region_699	9	0.053181	0.19679	0.447182	391	7	-0.34387	0.73195	0.73067	1.0	521	0	-0.34387
Region_399	4	0.053228	0.15234	0.385846	392	3	-0.89248	0.27022	0.26907	1.0	171	0	-0.89248
Region_383	9	0.053354	0.19735	0.447182	393	6	-0.52458	0.21978	0.21791	1.0	127	0	-0.52458
Region_556	6	0.053617	0.17288	0.414042	394	5	-0.60946	0.81475	0.81499	1.0	619	0	-0.60946
Region_356	3	0.054052	0.12827	0.346502	395	3	-1.2031	0.90504	0.9051	1.0	722	0	-1.2031
Region_373	11	0.054309	0.21233	0.459948	396	7	-0.3331	0.80064	0.80138	1.0	604	0	-0.3331
Region_581	3	0.055303	0.13156	0.349089	397	3	-0.57358	0.9447	0.94454	1.0	776	0	-0.57358
Region_766	9	0.056883	0.20705	0.456667	398	6	-0.43183	0.8853	0.88366	1.0	693	0	-0.43183
Region_9	6	0.057066	0.18112	0.42426	399	4	-0.56448	0.71646	0.71665	1.0	508	0	-0.56448
Region_16	9	0.057118	0.20785	0.456803	400	6	-0.49134	0.91512	0.91372	1.0	736	0	-0.49134
Region_456	3	0.057175	0.13551	0.356325	401	3	-0.86636	0.93301	0.93273	1.0	762	0	-0.86636
Region_680	9	0.057239	0.20808	0.456803	402	5	-0.25878	0.94443	0.9435	1.0	775	0	-0.25878
Region_883	6	0.058302	0.18362	0.426949	403	4	-0.21151	0.87651	0.8773	1.0	685	0	-0.21151
Region_794	12	0.060113	0.23843	0.49468	404	9	-0.28789	0.97514	0.97517	1.0	846	0	-0.28789
Region_730	18	0.060596	0.26627	0.525857	405	11	-0.12604	0.97982	0.97924	1.0	863	0	-0.12604
Region_496	21	0.060969	0.27961	0.537393	406	13	-0.34315	0.44011	0.44208	1.0	289	0	-0.34315
Region_448	3	0.06112	0.14369	0.372317	407	3	-0.35779	0.93888	0.93857	1.0	770	0	-0.35779
Region_869	3	0.061554	0.14468	0.372317	408	3	-0.66696	0.93845	0.93811	1.0	769	0	-0.66696
Region_418	9	0.061711	0.22003	0.471207	409	6	-0.55668	0.69385	0.69236	1.0	480	0	-0.55668
Region_45	6	0.061924	0.19239	0.440806	410	5	-0.38001	0.98353	0.98348	1.0	879	0	-0.38001
Region_575	7	0.062435	0.21156	0.459948	411	6	-0.15395	0.98134	0.98166	1.0	869	0	-0.15395
Region_77	15	0.063315	0.26541	0.525549	412	10	-0.50233	0.8389	0.8391	1.0	643	0	-0.50233
Region_731	3	0.063571	0.1489	0.381296	413	3	-0.30002	0.93643	0.9361	1.0	767	0	-0.30002
Region_558	12	0.063611	0.24869	0.504864	414	7	-0.14355	0.06824	0.068871	1.0	34	1	-0.14355
Region_526	6	0.064283	0.19746	0.447182	415	2	0.24007	0.46401	0.46424	1.0	310	0	0.24007
Region_82	9	0.064996	0.22908	0.481621	416	6	-0.48278	0.35863	0.35678	1.0	229	0	-0.48278
Region_60	6	0.065292	0.19993	0.449366	417	5	-0.30089	0.77669	0.77661	1.0	574	0	-0.30089
Region_795	15	0.066807	0.27499	0.535244	418	6	0.39278	0.21751	0.21737	1.0	126	0	0.39278
Region_6	6	0.066861	0.20361	0.452259	419	4	-0.24431	0.47045	0.47103	1.0	315	0	-0.24431
Region_584	3	0.066946	0.15653	0.390794	420	3	-1.0425	0.89245	0.89325	1.0	703	0	-1.0425
Region_317	9	0.06718	0.2352	0.489059	421	6	-0.52903	0.98316	0.98229	1.0	878	0	-0.52903
Region_865	3	0.067549	0.15772	0.390794	422	3	-0.84988	0.93245	0.93214	1.0	761	0	-0.84988
Region_398	20	0.068735	0.29841	0.549917	423	9	0.10034	0.13048	0.13232	1.0	66	1	0.10034
Region_555	3	0.06882	0.16028	0.395049	424	3	-0.75149	0.93118	0.93074	1.0	759	0	-0.75149
Region_367	12	0.069735	0.26754	0.526295	425	9	-0.15507	0.9636	0.96327	1.0	812	0	-0.15507
Region_106	3	0.070675	0.1638	0.400598	426	2	-0.46657	0.84657	0.84788	1.0	651	0	-0.46657
Region_571	5	0.071798	0.19822	0.447182	427	4	-0.29987	0.93309	0.93378	1.0	763	0	-0.29987
Region_279	6	0.072487	0.21751	0.467726	428	5	-0.37908	0.97118	0.97116	1.0	831	0	-0.37908
Region_657	9	0.073177	0.25124	0.508955	429	6	-0.49603	0.33216	0.33025	1.0	213	0	-0.49603
Region_911	12	0.073249	0.27721	0.537345	430	7	-0.14292	0.076326	0.07693	1.0	38	1	-0.14292
Region_940	3	0.073265	0.16914	0.408526	431	2	-0.0014009	0.8349	0.83624	1.0	637	0	-0.0014009
Region_464	3	0.073311	0.16921	0.408526	432	3	-0.67484	0.92669	0.92656	1.0	750	0	-0.67484
Region_104	9	0.074296	0.25433	0.511916	433	4	0.11566	0.81571	0.81475	1.0	620	0	0.11566
Region_365	6	0.074296	0.22152	0.471207	434	5	-0.24999	0.95071	0.9512	1.0	788	0	-0.24999
Region_431	6	0.074407	0.22175	0.471207	435	4	-0.10616	0.73818	0.73786	1.0	534	0	-0.10616
Region_703	3	0.075291	0.17325	0.414042	436	2	-0.3104	0.43255	0.43171	1.0	285	0	-0.3104
Region_111	9	0.075543	0.25763	0.51635	437	7	-0.25325	0.74218	0.74061	1.0	539	0	-0.25325
Region_930	3	0.075823	0.17416	0.415168	438	2	-1.089	0.86951	0.87035	1.0	675	0	-1.089
Region_228	12	0.076289	0.2842	0.539809	439	8	-0.41539	0.662	0.65915	1.0	456	0	-0.41539
Region_683	6	0.076648	0.22681	0.477918	440	5	-0.28808	0.97448	0.97444	1.0	842	0	-0.28808
Region_568	6	0.078585	0.23183	0.485165	441	5	-0.47213	0.97866	0.97855	1.0	860	0	-0.47213
Region_316	3	0.078961	0.1806	0.424106	442	2	-0.72067	0.15324	0.15384	1.0	80	0	-0.72067
Region_284	6	0.07971	0.23433	0.488323	443	5	-0.324	0.74695	0.74659	1.0	541	0	-0.324
Region_354	3	0.080108	0.18314	0.426949	444	2	-0.87335	0.62121	0.62136	1.0	420	0	-0.87335
Region_811	3	0.080212	0.18337	0.426949	445	3	-0.15394	0.91979	0.91978	1.0	743	0	-0.15394
Region_665	9	0.080891	0.27088	0.530529	446	3	0.15164	0.35637	0.35459	1.0	228	0	0.15164
Region_153	3	0.082068	0.18747	0.433743	447	2	-0.92183	0.789	0.79032	1.0	589	0	-0.92183
Region_277	6	0.082832	0.24087	0.496868	448	5	-0.49199	0.97667	0.97659	1.0	849	0	-0.49199
Region_834	8	0.082873	0.26104	0.520984	449	6	-0.52925	0.22999	0.22975	1.0	136	0	-0.52925
Region_119	3	0.083558	0.1906	0.438853	450	2	-0.99399	0.53171	0.53022	1.0	358	0	-0.99399
Region_366	9	0.084465	0.28008	0.537393	451	6	-0.17943	0.76571	0.765	1.0	567	0	-0.17943
Region_72	6	0.084507	0.24483	0.501338	452	2	0.33481	0.013247	0.013737	1.0	7	1	0.33481
Region_439	9	0.0857	0.28311	0.539809	453	5	-0.55394	0.82833	0.82696	1.0	632	0	-0.55394
Region_655	3	0.085776	0.19485	0.445373	454	1	0.14625	0.73619	0.73719	1.0	526	0	0.14625
Region_786	6	0.08613	0.2485	0.504864	455	5	-0.28873	0.84134	0.84199	1.0	645	0	-0.28873
Region_221	9	0.086653	0.28536	0.540792	456	6	-0.28248	0.9245	0.92311	1.0	748	0	-0.28248
Region_716	27	0.086825	0.37526	0.619314	457	15	-0.14917	0.92447	0.92434	1.0	747	0	-0.14917
Region_33	3	0.087363	0.19767	0.447182	458	2	-0.91015	0.046663	0.046001	1.0	23	0	-0.91015
Region_601	6	0.087725	0.25226	0.509926	459	5	-0.56402	0.65733	0.65757	1.0	450	0	-0.56402
Region_50	3	0.087811	0.19848	0.447182	460	3	-0.10884	0.91219	0.91235	1.0	734	0	-0.10884
Region_35	18	0.087956	0.34243	0.594222	461	7	0.30495	0.84255	0.84185	1.0	646	0	0.30495
Region_374	2	0.088523	0.15341	0.386181	462	2	-0.51765	0.91148	0.91085	1.0	733	0	-0.51765
Region_29	3	0.089586	0.20202	0.451747	463	3	-0.22667	0.91041	0.91053	1.0	731	0	-0.22667
Region_745	1	0.089622	0.089958	0.273937	464	1	-1.4232	0.91038	0.91094	1.0	730	0	-1.4232
Region_718	6	0.092127	0.26241	0.521643	465	5	-0.40464	0.9655	0.96537	1.0	817	0	-0.40464
Region_75	6	0.092163	0.26248	0.521643	466	5	-0.41047	0.98306	0.98298	1.0	876	0	-0.41047
Region_212	3	0.092883	0.20881	0.457348	467	3	-0.42797	0.90712	0.90737	1.0	723	0	-0.42797
Region_454	3	0.09387	0.21094	0.459876	468	2	-0.82573	0.6741	0.67409	1.0	460	0	-0.82573
Region_548	9	0.094475	0.30298	0.555367	469	6	-0.25535	0.91712	0.9158	1.0	738	0	-0.25535
Region_433	3	0.094667	0.21243	0.459948	470	2	-0.98064	0.41654	0.41546	1.0	277	0	-0.98064
Region_142	6	0.095562	0.27017	0.530233	471	3	-0.37461	0.34679	0.34647	1.0	222	0	-0.37461
Region_661	3	0.09624	0.21523	0.463865	472	3	-0.36654	0.90376	0.90376	1.0	721	0	-0.36654
Region_263	15	0.09657	0.34977	0.598156	473	7	0.23749	0.78331	0.78376	1.0	581	0	0.23749
Region_624	15	0.096869	0.35054	0.598393	474	8	-0.063914	0.1714	0.17098	1.0	90	0	-0.063914
Region_872	9	0.097	0.30789	0.558941	475	6	-0.51023	0.28481	0.28316	1.0	180	0	-0.51023
Region_202	4	0.097487	0.23158	0.485165	476	3	-0.41519	0.52302	0.52216	1.0	352	0	-0.41519
Region_835	3	0.099255	0.22178	0.471207	477	3	-0.44852	0.90075	0.90097	1.0	715	0	-0.44852
Region_54	3	0.099522	0.22213	0.471207	478	3	-0.15814	0.90048	0.90077	1.0	714	0	-0.15814
Region_784	6	0.099705	0.2794	0.537393	479	5	-0.46947	0.97742	0.97733	1.0	853	0	-0.46947
Region_812	3	0.10144	0.22555	0.476332	480	2	-0.86768	0.84434	0.84561	1.0	648	0	-0.86768
Region_702	8	0.10326	0.30736	0.558941	481	6	-0.47874	0.9874	0.98709	1.0	886	0	-0.47874
Region_209	3	0.10517	0.2323	0.485165	482	2	-0.50052	0.61134	0.6116	1.0	414	0	-0.50052
Region_672	6	0.1054	0.2912	0.545248	483	4	-0.39463	0.2327	0.23135	1.0	139	0	-0.39463
Region_338	6	0.10565	0.29168	0.545248	484	4	-0.38701	0.87595	0.87681	1.0	684	0	-0.38701
Region_529	5	0.10847	0.27205	0.530615	485	4	-0.37524	0.33138	0.33345	1.0	211	0	-0.37524
Region_242	3	0.10998	0.24107	0.496868	486	2	-0.79778	0.067202	0.066653	1.0	33	0	-0.79778
Region_629	8	0.11068	0.32305	0.575392	487	5	-0.30825	0.87452	0.87334	1.0	680	0	-0.30825
Region_503	5	0.11098	0.27665	0.537345	488	3	-0.53228	0.79336	0.794	1.0	596	0	-0.53228
Region_420	3	0.11152	0.24411	0.501148	489	2	-0.77506	0.78309	0.78445	1.0	580	0	-0.77506
Region_465	3	0.11157	0.2442	0.501148	490	2	-0.74378	0.13743	0.13796	1.0	70	0	-0.74378
Region_846	2	0.11206	0.18985	0.43819	491	2	-0.42761	0.88794	0.88668	1.0	699	0	-0.42761
Region_411	11	0.11245	0.3609	0.609271	492	8	-0.15395	0.73571	0.7366	1.0	525	0	-0.15395
Region_841	3	0.11267	0.24604	0.502741	493	3	-0.11315	0.88733	0.88834	1.0	698	0	-0.11315
Region_247	2	0.11364	0.19218	0.440806	494	2	-0.60483	0.88636	0.88504	1.0	696	0	-0.60483
Region_210	12	0.11459	0.36699	0.614246	495	6	-0.048295	0.95317	0.95257	1.0	792	0	-0.048295
Region_693	3	0.11673	0.25335	0.511033	496	2	-0.72801	0.72699	0.72838	1.0	514	0	-0.72801
Region_652	12	0.11769	0.37306	0.619314	497	8	-0.35342	0.59629	0.59374	1.0	403	0	-0.35342
Region_333	3	0.11907	0.25736	0.51635	498	2	-0.79929	0.7852	0.78652	1.0	583	0	-0.79929
Region_685	3	0.12038	0.25975	0.519494	499	3	-0.79618	0.87962	0.88077	1.0	691	0	-0.79618
Region_470	14	0.12119	0.39459	0.633488	500	9	-0.25445	0.16069	0.16101	1.0	86	0	-0.25445
Region_308	14	0.12284	0.39776	0.634606	501	9	-0.31761	0.98128	0.98193	1.0	868	0	-0.31761
Region_245	3	0.12344	0.26556	0.525549	502	3	-0.3398	0.87656	0.87766	1.0	686	0	-0.3398
Region_64	9	0.12402	0.35699	0.603934	503	3	0.55879	0.82666	0.82524	1.0	630	0	0.55879
Region_890	3	0.12454	0.26761	0.526295	504	2	-0.66382	0.66025	0.65987	1.0	453	0	-0.66382
Region_701	24	0.12685	0.45725	0.693955	505	13	-0.23859	0.99846	0.99857	1.0	934	0	-0.23859
Region_319	12	0.12872	0.3956	0.633621	506	4	0.28736	0.52941	0.52695	1.0	355	0	0.28736
Region_234	9	0.12948	0.36695	0.614246	507	6	-0.20175	0.92698	0.9255	1.0	752	0	-0.20175
Region_607	5	0.12951	0.3106	0.560632	508	4	-0.55323	0.61285	0.61351	1.0	416	0	-0.55323
Region_791	6	0.13018	0.33112	0.585	509	3	-0.28172	0.27415	0.27347	1.0	173	0	-0.28172
Region_858	8	0.13038	0.36452	0.613382	510	6	-0.36123	0.97275	0.97234	1.0	838	0	-0.36123
Region_491	6	0.13098	0.33259	0.585	511	4	-0.51936	0.94512	0.94553	1.0	778	0	-0.51936
Region_704	6	0.13317	0.33578	0.589176	512	4	-0.38006	0.21222	0.2108	1.0	124	0	-0.38006
Region_931	13	0.13336	0.41842	0.656123	513	5	0.3998	0.44845	0.44744	1.0	296	0	0.3998
Region_799	3	0.13452	0.27858	0.537393	514	2	-0.61867	0.43234	0.43155	1.0	284	0	-0.61867
Region_412	3	0.13458	0.27862	0.537393	515	1	0.43084	0.52123	0.51926	1.0	351	0	0.43084
Region_363	5	0.13557	0.32126	0.573282	516	3	-0.61555	0.65692	0.65754	1.0	448	0	-0.61555
Region_761	6	0.1362	0.34052	0.593191	517	4	-0.34317	0.6843	0.68464	1.0	472	0	-0.34317
Region_466	3	0.13821	0.28256	0.539809	518	1	0.16452	0.63586	0.6353	1.0	426	0	0.16452
Region_815	3	0.13875	0.28316	0.539809	519	2	-0.75172	0.8526	0.85348	1.0	657	0	-0.75172
Region_148	3	0.13954	0.28415	0.539809	520	2	-0.54211	0.4728	0.47197	1.0	318	0	-0.54211
Region_94	9	0.13969	0.3847	0.627209	521	6	-0.20207	0.89042	0.8887	1.0	702	0	-0.20207
Region_273	3	0.14103	0.28586	0.540792	522	2	-0.64209	0.83387	0.83519	1.0	636	0	-0.64209
Region_61	3	0.14236	0.28743	0.541451	523	1	0.3305	0.6969	0.69801	1.0	483	0	0.3305
Region_117	3	0.14283	0.28793	0.541451	524	1	0.49561	0.31894	0.31771	1.0	198	0	0.49561
Region_41	9	0.14294	0.39046	0.632039	525	4	0.013575	0.29034	0.28863	1.0	185	0	0.013575
Region_616	1	0.14381	0.14448	0.372317	526	1	-1.167	0.85619	0.85696	1.0	661	0	-1.167
Region_309	8	0.14415	0.39168	0.632039	527	4	-0.17791	0.86797	0.86691	1.0	671	0	-0.17791
Region_21	5	0.14459	0.33806	0.590974	528	2	0.62651	0.098105	0.097373	1.0	45	0	0.62651
Region_550	9	0.14527	0.3945	0.633488	529	4	0.027851	0.71869	0.71717	1.0	509	0	0.027851
Region_782	3	0.14603	0.29117	0.545248	530	1	0.019681	0.78435	0.78565	1.0	582	0	0.019681
Region_593	2	0.14706	0.24106	0.496868	531	2	-0.33839	0.85294	0.85079	1.0	659	0	-0.33839
Region_608	3	0.14723	0.29236	0.545427	532	2	-0.53884	0.25534	0.25434	1.0	161	0	-0.53884
Region_452	12	0.1475	0.43178	0.669299	533	6	-0.009368	0.8987	0.89766	1.0	712	0	-0.009368
Region_796	3	0.14881	0.29406	0.547522	534	2	-0.66194	0.70003	0.70122	1.0	485	0	-0.66194
Region_321	26	0.15088	0.51455	0.74499	535	10	0.15439	0.50976	0.51054	1.0	341	0	0.15439
Region_543	3	0.15108	0.29667	0.549917	536	2	-0.58277	0.73776	0.7387	1.0	532	0	-0.58277
Region_855	3	0.15173	0.29746	0.549917	537	2	-0.57954	0.3458	0.34497	1.0	220	0	-0.57954
Region_850	2	0.15184	0.24819	0.504864	538	2	-0.28984	0.84816	0.8463	1.0	652	0	-0.28984
Region_798	3	0.15265	0.29837	0.549917	539	2	-0.45528	0.39627	0.3951	1.0	264	0	-0.45528
Region_28	3	0.15321	0.29884	0.549917	540	1	0.30583	0.71069	0.71213	1.0	501	0	0.30583
Region_756	6	0.15397	0.36781	0.614531	541	3	-0.14129	0.14434	0.14347	1.0	75	0	-0.14129
Region_211	3	0.15515	0.30081	0.552466	542	2	-0.0073931	0.65009	0.64924	1.0	436	0	-0.0073931
Region_214	6	0.15705	0.37259	0.619314	543	3	-0.060187	0.17978	0.17818	1.0	100	0	-0.060187
Region_93	6	0.15754	0.37338	0.619314	544	4	-0.31153	0.31343	0.31294	1.0	196	0	-0.31153
Region_143	6	0.15857	0.37484	0.619314	545	3	-0.09887	0.55813	0.55876	1.0	379	0	-0.09887
Region_853	1	0.16108	0.16074	0.395164	546	1	-0.99859	0.83892	0.83984	1.0	644	0	-0.99859
Region_604	9	0.16239	0.42359	0.660629	547	5	-0.12067	0.7064	0.70501	1.0	493	0	-0.12067
Region_169	3	0.16292	0.30858	0.559124	548	2	-0.37491	0.85175	0.85257	1.0	656	0	-0.37491
Region_22	14	0.1639	0.47552	0.710864	549	7	0.051825	0.61288	0.61229	1.0	417	0	0.051825
Region_722	6	0.16397	0.38238	0.625804	550	4	-0.22087	0.84975	0.85052	1.0	654	0	-0.22087
Region_426	6	0.16407	0.38251	0.625804	551	4	-0.35435	0.85647	0.85718	1.0	662	0	-0.35435
Region_678	3	0.16446	0.31019	0.560632	552	2	-0.64372	0.56997	0.56872	1.0	385	0	-0.64372
Region_450	12	0.16641	0.46635	0.702134	553	6	0.046347	0.95547	0.9552	1.0	798	0	0.046347
Region_848	3	0.16775	0.31377	0.565269	554	2	-0.20632	0.51244	0.51038	1.0	343	0	-0.20632
Region_560	7	0.16923	0.41122	0.650237	555	5	-0.21929	0.82202	0.82144	1.0	628	0	-0.21929
Region_331	6	0.16949	0.39046	0.632039	556	3	-0.11703	0.80934	0.80952	1.0	610	0	-0.11703
Region_515	3	0.17197	0.31828	0.571204	557	2	-0.6168	0.107	0.10821	1.0	50	0	-0.6168
Region_58	6	0.17336	0.39601	0.633621	558	4	-0.37796	0.3634	0.36344	1.0	233	0	-0.37796
Region_368	3	0.17341	0.31972	0.572709	559	2	-0.62062	0.36805	0.36718	1.0	239	0	-0.62062
Region_522	15	0.17557	0.5068	0.739437	560	9	-0.23619	0.70709	0.70786	1.0	497	0	-0.23619
Region_12	11	0.17981	0.47592	0.710864	561	5	0.18378	0.73768	0.73868	1.0	531	0	0.18378
Region_145	3	0.18161	0.32874	0.58333	562	2	-0.50315	0.55805	0.55654	1.0	378	0	-0.50315
Region_714	3	0.18382	0.33129	0.585	563	2	-0.67463	0.87214	0.87308	1.0	678	0	-0.67463
Region_393	3	0.18468	0.33216	0.585	564	2	-0.59243	0.76511	0.76642	1.0	566	0	-0.59243
Region_324	3	0.18522	0.33278	0.585	565	2	-0.54919	0.75901	0.76012	1.0	555	0	-0.54919
Region_612	5	0.18626	0.40933	0.650237	566	4	-0.052811	0.81697	0.81737	1.0	623	0	-0.052811
Region_886	2	0.18708	0.29781	0.549917	567	1	-0.47456	0.49164	0.48858	1.0	325	0	-0.47456
Region_805	6	0.18748	0.41612	0.653607	568	4	-0.30079	0.79929	0.79878	1.0	603	0	-0.30079
Region_751	3	0.1891	0.33705	0.590302	569	2	-0.61623	0.63913	0.63861	1.0	429	0	-0.61623
Region_923	12	0.19203	0.51281	0.74499	570	8	-0.23929	0.55097	0.54855	1.0	374	0	-0.23929
Region_887	6	0.1926	0.4233	0.660629	571	3	0.0046686	0.7394	0.73916	1.0	536	0	0.0046686
Region_505	3	0.19292	0.34058	0.593191	572	2	-0.082435	0.29265	0.29147	1.0	186	0	-0.082435
Region_599	3	0.19357	0.34135	0.593441	573	2	-0.63893	0.20978	0.20932	1.0	121	0	-0.63893
Region_771	2	0.19363	0.30632	0.558941	574	2	-0.59659	0.80637	0.80357	1.0	609	0	-0.59659
Region_583	2	0.19422	0.30722	0.558941	575	2	-0.24751	0.80578	0.80294	1.0	608	0	-0.24751
Region_760	9	0.19643	0.4784	0.713354	576	5	-0.096958	0.94756	0.94638	1.0	780	0	-0.096958
Region_713	9	0.19684	0.4791	0.713354	577	6	-0.22567	0.77563	0.77476	1.0	572	0	-0.22567
Region_428	4	0.19765	0.38184	0.625804	578	1	0.10976	0.37506	0.37324	1.0	250	0	0.10976
Region_572	3	0.19882	0.34647	0.597934	579	1	0.54608	0.3693	0.36828	1.0	241	0	0.54608
Region_76	3	0.20031	0.34813	0.598156	580	2	-0.54321	0.3296	0.32855	1.0	209	0	-0.54321
Region_138	3	0.20102	0.34892	0.598156	581	2	-0.55052	0.8432	0.84452	1.0	647	0	-0.55052
Region_141	3	0.20138	0.34932	0.598156	582	2	-0.46757	0.42595	0.42517	1.0	280	0	-0.46757
Region_240	2	0.20378	0.3205	0.573023	583	2	-0.21385	0.79622	0.79343	1.0	601	0	-0.21385
Region_213	3	0.2054	0.35327	0.601692	584	2	-0.36083	0.37282	0.37183	1.0	247	0	-0.36083
Region_313	3	0.20579	0.35375	0.601692	585	2	-0.59468	0.49687	0.49506	1.0	330	0	-0.59468
Region_112	3	0.20653	0.35456	0.601898	586	2	-0.5423	0.86028	0.86129	1.0	664	0	-0.5423
Region_633	2	0.20697	0.32508	0.577917	587	2	-0.20586	0.79303	0.79011	1.0	594	0	-0.20586
Region_88	3	0.20704	0.35515	0.601898	588	2	-0.44386	0.7376	0.73852	1.0	530	0	-0.44386
Region_162	9	0.20902	0.49735	0.732449	589	6	-0.1116	0.92769	0.92626	1.0	754	0	-0.1116
Region_941	6	0.21001	0.44652	0.683175	590	3	-0.15271	0.88488	0.88529	1.0	692	0	-0.15271
Region_474	6	0.21504	0.45337	0.69137	591	4	-0.13597	0.14157	0.14086	1.0	74	0	-0.13597
Region_305	5	0.21693	0.44398	0.681825	592	3	-0.17841	0.78951	0.79022	1.0	590	0	-0.17841
Region_84	3	0.21706	0.36616	0.614246	593	2	-0.38	0.45601	0.45545	1.0	300	0	-0.38
Region_838	8	0.21707	0.49473	0.729724	594	5	-0.28161	0.98907	0.98869	1.0	896	0	-0.28161
Region_203	2	0.22067	0.34373	0.595379	595	1	-0.57309	0.68891	0.68654	1.0	474	0	-0.57309
Region_113	3	0.22153	0.37078	0.618399	596	2	-0.49855	0.17325	0.17356	1.0	92	0	-0.49855
Region_81	12	0.22373	0.55419	0.784339	597	6	0.0020337	0.53516	0.53242	1.0	361	0	0.0020337
Region_677	6	0.22398	0.46537	0.701778	598	2	0.021665	0.56745	0.56779	1.0	383	0	0.021665
Region_187	3	0.22521	0.37482	0.619314	599	2	-0.48652	0.73679	0.73772	1.0	529	0	-0.48652
Region_220	1	0.22531	0.22501	0.476248	600	1	-0.6971	0.77469	0.77648	1.0	570	0	-0.6971
Region_682	3	0.22679	0.37643	0.620158	601	2	-0.18065	0.68369	0.68429	1.0	471	0	-0.18065
Region_567	4	0.23178	0.42802	0.664558	602	3	-0.13686	0.83569	0.83576	1.0	638	0	-0.13686
Region_859	3	0.23407	0.38393	0.627049	603	2	-0.49644	0.79472	0.79606	1.0	597	0	-0.49644
Region_915	3	0.2367	0.3866	0.629222	604	1	0.17209	0.41319	0.4119	1.0	275	0	0.17209
Region_175	3	0.23758	0.38753	0.629651	605	2	-0.43461	0.8302	0.83123	1.0	634	0	-0.43461
Region_164	6	0.23795	0.48416	0.717506	606	3	0.046883	0.8766	0.87737	1.0	687	0	0.046883
Region_130	6	0.23876	0.48498	0.717583	607	4	-0.12942	0.8642	0.86494	1.0	670	0	-0.12942
Region_750	9	0.24034	0.54411	0.778243	608	6	-0.1186	0.69775	0.69646	1.0	484	0	-0.1186
Region_251	3	0.24717	0.39797	0.634606	609	2	-0.47646	0.78141	0.78276	1.0	578	0	-0.47646
Region_783	4	0.24737	0.44926	0.686243	610	3	-0.12352	0.78609	0.78612	1.0	586	0	-0.12352
Region_634	2	0.24938	0.38194	0.625804	611	2	-0.11387	0.75062	0.74814	1.0	544	0	-0.11387
Region_195	3	0.25943	0.41062	0.650237	612	1	0.84198	0.18705	0.18704	1.0	107	0	0.84198
Region_182	3	0.25997	0.41116	0.650237	613	2	-0.50269	0.41462	0.41359	1.0	276	0	-0.50269
Region_552	6	0.26033	0.51354	0.74499	614	4	-0.12362	0.83571	0.83638	1.0	639	0	-0.12362
Region_574	3	0.26305	0.41438	0.653607	615	2	-0.31728	0.68332	0.68391	1.0	469	0	-0.31728
Region_733	3	0.26348	0.41487	0.653607	616	2	-0.42346	0.31323	0.31211	1.0	195	0	-0.42346
Region_314	3	0.26447	0.41589	0.653607	617	1	0.76862	0.38179	0.38068	1.0	257	0	0.76862
Region_98	2	0.26535	0.39151	0.632039	618	1	-0.12503	0.34527	0.344	1.0	219	0	-0.12503
Region_763	4	0.26614	0.47347	0.709516	619	2	-0.19742	0.37831	0.37671	1.0	253	0	-0.19742
Region_46	8	0.26961	0.56216	0.789699	620	2	0.4207	0.55251	0.55136	1.0	376	0	0.4207
Region_635	3	0.27084	0.42214	0.660629	621	2	-0.31777	0.77348	0.77477	1.0	568	0	-0.31777
Region_226	1	0.27086	0.27149	0.530611	622	1	-0.63933	0.72914	0.73067	1.0	516	0	-0.63933
Region_299	11	0.27267	0.61242	0.834277	623	6	-0.20877	0.86193	0.8632	1.0	665	0	-0.20877
Region_767	3	0.2727	0.42409	0.660629	624	2	-0.021812	0.7421	0.74321	1.0	538	0	-0.021812
Region_501	18	0.2754	0.66331	0.87077	625	10	-0.061348	0.88673	0.88631	1.0	697	0	-0.061348
Region_237	3	0.27604	0.4273	0.664529	626	1	0.49621	0.3678	0.36693	1.0	238	0	0.49621
Region_140	6	0.27675	0.53492	0.768596	627	4	-0.22779	0.84618	0.84696	1.0	650	0	-0.22779
Region_345	3	0.28441	0.43602	0.674759	628	2	-0.33168	0.42498	0.42428	1.0	279	0	-0.33168
Region_905	1	0.28668	0.28709	0.541451	629	1	-0.627	0.71332	0.7143	1.0	503	0	-0.627
Region_920	15	0.28903	0.66234	0.87077	630	6	0.30319	0.17771	0.17759	1.0	98	0	0.30319
Region_381	3	0.28971	0.44158	0.680391	631	2	-0.25499	0.81638	0.81691	1.0	621	0	-0.25499
Region_196	3	0.28999	0.44182	0.680391	632	2	-0.22401	0.22292	0.22267	1.0	129	0	-0.22401
Region_232	3	0.29229	0.4442	0.681825	633	2	-0.1143	0.76191	0.76312	1.0	561	0	-0.1143
Region_874	6	0.29268	0.55388	0.784339	634	4	-0.17968	0.061797	0.061248	1.0	32	0	-0.17968
Region_942	3	0.29453	0.44633	0.683175	635	2	-0.37082	0.039846	0.03922	1.0	20	0	-0.37082
Region_580	6	0.29626	0.55839	0.786474	636	3	0.00070318	0.64951	0.64977	1.0	435	0	0.00070318
Region_144	6	0.29677	0.55903	0.786474	637	4	-0.078173	0.89684	0.89754	1.0	708	0	-0.078173
Region_122	6	0.30185	0.56567	0.791533	638	4	-0.13825	0.31811	0.31762	1.0	197	0	-0.13825
Region_168	3	0.30206	0.45408	0.69137	639	2	-0.35837	0.73095	0.73212	1.0	518	0	-0.35837
Region_115	3	0.30492	0.45696	0.693955	640	2	-0.27499	0.056986	0.056773	1.0	29	0	-0.27499
Region_53	1	0.30692	0.30728	0.558941	641	1	-0.37249	0.69308	0.6941	1.0	479	0	-0.37249
Region_231	12	0.30695	0.65187	0.866717	642	6	-0.11267	0.90131	0.90047	1.0	717	0	-0.11267
Region_225	3	0.30755	0.4596	0.696412	643	2	-0.32964	0.58124	0.58008	1.0	393	0	-0.32964
Region_278	7	0.30879	0.58698	0.810099	644	4	-0.070534	0.51078	0.50938	1.0	342	0	-0.070534
Region_873	6	0.31088	0.57736	0.799922	645	3	-0.1609	0.96401	0.96383	1.0	815	0	-0.1609
Region_927	3	0.31163	0.46396	0.700763	646	2	-0.34919	0.17001	0.17026	1.0	89	0	-0.34919
Region_429	15	0.31443	0.69018	0.88383	647	7	0.089242	0.92669	0.92651	1.0	751	0	0.089242
Region_217	3	0.31586	0.46775	0.703115	648	1	0.16999	0.79513	0.79648	1.0	598	0	0.16999
Region_643	1	0.31716	0.31729	0.570512	649	1	-0.34802	0.68284	0.68428	1.0	468	0	-0.34802
Region_390	3	0.32153	0.47351	0.709516	650	1	0.19628	0.078215	0.078226	1.0	40	0	0.19628
Region_534	3	0.32777	0.47993	0.713467	651	2	-0.27747	0.82716	0.82825	1.0	631	0	-0.27747
Region_681	3	0.32923	0.48166	0.714917	652	2	-0.28669	0.40471	0.40373	1.0	266	0	-0.28669
Region_808	21	0.3322	0.74455	0.913986	653	11	-0.04721	0.38997	0.3912	1.0	261	0	-0.04721
Region_287	4	0.334	0.54839	0.780811	654	2	-0.066057	0.66473	0.66413	1.0	457	0	-0.066057
Region_23	11	0.33996	0.67821	0.876095	655	6	-0.022494	0.70925	0.70983	1.0	500	0	-0.022494
Region_330	6	0.34072	0.61226	0.834277	656	4	-0.050624	0.86883	0.87005	1.0	673	0	-0.050624
NA	38167	0.34124	1.0	1.0	657	18070	0.057644	0.0099581	1.0	1.0	6	393	0.057644
Region_709	1	0.34378	0.34468	0.595931	658	1	-0.30676	0.65622	0.65914	1.0	447	0	-0.30676
Region_395	2	0.34454	0.43791	0.676576	659	1	-0.089831	0.38814	0.386	1.0	260	0	-0.089831
Region_394	6	0.34545	0.61704	0.83931	660	3	-0.066413	0.55272	0.55326	1.0	377	0	-0.066413
Region_460	1	0.34704	0.34767	0.598156	661	1	-0.3948	0.65296	0.65575	1.0	441	0	-0.3948
Region_358	3	0.34968	0.50204	0.737453	662	1	0.30834	0.71332	0.71507	1.0	504	0	0.30834
Region_502	3	0.34992	0.50231	0.737453	663	1	0.62102	0.17464	0.17465	1.0	94	0	0.62102
Region_876	9	0.35226	0.66157	0.87077	664	5	-0.15124	0.3521	0.35023	1.0	223	0	-0.15124
Region_554	3	0.35306	0.50564	0.739381	665	2	-0.26923	0.679	0.67929	1.0	461	0	-0.26923
Region_201	3	0.35329	0.50589	0.739381	666	2	-0.22342	0.70694	0.70817	1.0	496	0	-0.22342
Region_449	3	0.35339	0.50597	0.739381	667	2	-0.18674	0.54385	0.54256	1.0	368	0	-0.18674
Region_155	6	0.35843	0.62669	0.847533	668	1	1.0161	0.23659	0.23527	1.0	142	0	1.0161
Region_303	5	0.35988	0.59354	0.816769	669	2	0.2184	0.4709	0.47309	1.0	317	0	0.2184
Region_243	1	0.36128	0.36143	0.609271	670	1	-0.21226	0.63872	0.64129	1.0	428	0	-0.21226
Region_408	3	0.3616	0.51454	0.74499	671	1	0.011494	0.58999	0.58904	1.0	398	0	0.011494
Region_219	9	0.37021	0.67808	0.876095	672	5	-0.056513	0.80196	0.80139	1.0	605	0	-0.056513
Region_880	3	0.37026	0.52307	0.756172	673	2	-0.196	0.53876	0.53736	1.0	364	0	-0.196
Region_128	6	0.37169	0.63656	0.854781	674	2	0.20651	0.58069	0.58086	1.0	392	0	0.20651
Region_644	3	0.3727	0.52565	0.758115	675	2	-0.16638	0.37263	0.37163	1.0	246	0	-0.16638
Region_42	3	0.38066	0.53368	0.767972	676	2	-0.14102	0.70754	0.70876	1.0	499	0	-0.14102
Region_191	2	0.38086	0.46062	0.696838	677	1	-0.29662	0.69607	0.69407	1.0	482	0	-0.29662
Region_14	6	0.38415	0.64562	0.859609	678	2	0.12636	0.45513	0.45507	1.0	298	0	0.12636
Region_480	7	0.38557	0.66175	0.87077	679	4	-0.16822	0.086272	0.085899	1.0	43	0	-0.16822
Region_521	3	0.39213	0.54525	0.778691	680	2	-0.15272	0.45175	0.45138	1.0	297	0	-0.15272
Region_933	1	0.39267	0.39317	0.633369	681	1	-0.354	0.60733	0.60895	1.0	409	0	-0.354
Region_207	3	0.3947	0.54778	0.780811	682	2	-0.12236	0.66648	0.66629	1.0	458	0	-0.12236
Region_894	3	0.39987	0.55303	0.784339	683	2	-0.060632	0.75848	0.75952	1.0	554	0	-0.060632
Region_801	9	0.40058	0.70612	0.891143	684	5	-0.1414	0.90932	0.90766	1.0	728	0	-0.1414
Region_419	3	0.40196	0.55544	0.784928	685	2	-0.0992	0.24527	0.2446	1.0	148	0	-0.0992
Region_388	6	0.40198	0.65902	0.87077	686	2	0.090506	0.59935	0.59934	1.0	406	0	0.090506
Region_856	4	0.4034	0.59788	0.820345	687	2	-0.1508	0.81926	0.8197	1.0	626	0	-0.1508
Region_832	3	0.40483	0.55802	0.786474	688	2	-0.051161	0.63999	0.63955	1.0	431	0	-0.051161
Region_807	12	0.40547	0.74889	0.915737	689	4	0.090787	0.40476	0.40235	1.0	267	0	0.090787
Region_269	1	0.40629	0.40622	0.646664	690	1	-0.25321	0.59371	0.59479	1.0	400	0	-0.25321
Region_281	9	0.40777	0.71296	0.896182	691	5	-0.01702	0.032302	0.033082	1.0	18	1	-0.01702
Region_588	6	0.41031	0.665	0.87077	692	2	0.6943	0.23968	0.2385	1.0	144	0	0.6943
Region_89	3	0.4106	0.56368	0.790664	693	2	-0.11127	0.22452	0.22428	1.0	130	0	-0.11127
Region_546	3	0.41269	0.56598	0.791533	694	1	0.68501	0.25965	0.2587	1.0	165	0	0.68501
Region_320	3	0.41354	0.56687	0.791607	695	1	0.076962	0.059759	0.059456	1.0	31	0	0.076962
Region_551	3	0.42004	0.57382	0.798948	696	2	-0.056158	0.81319	0.81383	1.0	615	0	-0.056158
Region_597	3	0.42429	0.57785	0.799922	697	2	-0.019539	0.86242	0.86334	1.0	667	0	-0.019539
Region_427	3	0.42437	0.57791	0.799922	698	2	-0.0050534	0.61193	0.61217	1.0	415	0	-0.0050534
Region_646	3	0.42763	0.58125	0.803362	699	2	-0.056612	0.46198	0.46104	1.0	309	0	-0.056612
Region_385	3	0.43652	0.5903	0.8135	700	2	-0.097691	0.18973	0.18968	1.0	109	0	-0.097691
Region_645	3	0.44118	0.59531	0.818015	701	2	-0.13093	0.49662	0.4949	1.0	329	0	-0.13093
Region_443	3	0.44575	0.59978	0.821758	702	2	-0.0097835	0.25744	0.25657	1.0	163	0	-0.0097835
Region_57	6	0.45343	0.69731	0.885945	703	2	0.32313	0.51418	0.51492	1.0	348	0	0.32313
Region_860	3	0.45681	0.6107	0.834277	704	2	-0.030835	0.87105	0.87206	1.0	677	0	-0.030835
Region_379	12	0.45807	0.78607	0.933329	705	4	0.20222	0.2272	0.22774	1.0	134	0	0.20222
Region_258	3	0.45843	0.61245	0.834277	706	2	-0.087595	0.52345	0.52167	1.0	353	0	-0.087595
Region_842	3	0.46824	0.62212	0.844646	707	1	0.32071	0.70645	0.70765	1.0	494	0	0.32071
Region_425	9	0.4713	0.76783	0.923347	708	5	-0.044317	0.25429	0.25237	1.0	158	0	-0.044317
Region_337	3	0.47879	0.63271	0.853251	709	1	0.3395	0.24576	0.24505	1.0	149	0	0.3395
Region_667	3	0.48091	0.63502	0.854781	710	1	0.64307	0.49254	0.4909	1.0	327	0	0.64307
Region_819	1	0.48593	0.48597	0.717922	711	1	-0.0086157	0.51407	0.51389	1.0	347	0	-0.0086157
Region_754	3	0.49029	0.64408	0.859609	712	1	0.11144	0.76169	0.76295	1.0	559	0	0.11144
Region_591	8	0.49057	0.76269	0.921865	713	2	0.25751	0.07763	0.077167	1.0	39	0	0.25751
Region_409	6	0.49135	0.72489	0.90519	714	2	0.45568	0.54399	0.54438	1.0	370	0	0.45568
Region_891	3	0.49149	0.64527	0.859609	715	2	-0.050814	0.33161	0.33041	1.0	212	0	-0.050814
Region_882	3	0.49186	0.64558	0.859609	716	2	-0.052625	0.71492	0.71663	1.0	505	0	-0.052625
Region_353	3	0.5013	0.65418	0.868561	717	1	0.1996	0.37258	0.37157	1.0	245	0	0.1996
Region_843	6	0.50297	0.73338	0.9085	718	2	0.069372	0.81208	0.81223	1.0	612	0	0.069372
Region_193	6	0.50352	0.7337	0.9085	719	2	0.36551	0.12126	0.12064	1.0	61	0	0.36551
Region_619	1	0.50762	0.50764	0.739522	720	0	0.019191	0.49238	0.49221	1.0	326	0	0.019191
Region_101	8	0.51376	0.77905	0.930462	721	4	-0.016958	0.49885	0.49833	1.0	333	0	-0.016958
Region_810	2	0.51554	0.55109	0.783477	722	1	-0.030709	0.5507	0.54853	1.0	373	0	-0.030709
Region_334	9	0.52049	0.80141	0.944479	723	4	0.62182	0.44269	0.44061	1.0	291	0	0.62182
Region_570	3	0.52527	0.66379	0.87077	724	1	0.13771	0.50818	0.50597	1.0	338	0	0.13771
Region_631	1	0.52587	0.52602	0.758115	725	0	0.061824	0.47413	0.47397	1.0	319	0	0.061824
Region_638	5	0.52767	0.73949	0.910143	726	2	0.36668	0.1365	0.13487	1.0	68	0	0.36668
Region_544	3	0.5282	0.6649	0.87077	727	1	0.54456	0.22964	0.22917	1.0	135	0	0.54456
Region_307	3	0.53019	0.66572	0.87077	728	1	0.011174	0.83724	0.83873	1.0	640	0	0.011174
Region_73	3	0.53084	0.66599	0.87077	729	1	0.28194	0.3995	0.39832	1.0	265	0	0.28194
Region_918	3	0.53629	0.66831	0.872268	730	1	0.37071	0.68242	0.68283	1.0	467	0	0.37071
Region_244	3	0.5388	0.66937	0.872268	731	1	0.158	0.73786	0.7388	1.0	533	0	0.158
Region_618	1	0.53918	0.53892	0.773166	732	0	0.083293	0.46082	0.46072	1.0	306	0	0.083293
Region_898	1	0.54147	0.54146	0.775623	733	0	0.089658	0.45853	0.45855	1.0	301	0	0.089658
Region_868	3	0.54181	0.67083	0.872268	734	1	0.085839	0.43703	0.4362	1.0	286	0	0.085839
Region_686	2	0.54409	0.57231	0.798016	735	1	-0.12884	0.69176	0.6897	1.0	478	0	-0.12884
Region_370	3	0.55343	0.67583	0.876095	736	1	0.20083	0.24413	0.24342	1.0	146	0	0.20083
Region_257	6	0.56092	0.77612	0.92961	737	2	0.11687	0.6323	0.63239	1.0	425	0	0.11687
Region_351	6	0.56647	0.77966	0.930462	738	1	1.1501	0.094355	0.093829	1.0	44	0	1.1501
Region_467	3	0.56877	0.68229	0.878881	739	1	0.28804	0.63174	0.63116	1.0	424	0	0.28804
Region_248	3	0.56905	0.68244	0.878881	740	1	0.59232	0.43138	0.43051	1.0	282	0	0.59232
Region_573	3	0.57338	0.68427	0.880039	741	1	0.14619	0.76436	0.76574	1.0	565	0	0.14619
Region_48	1	0.57546	0.57617	0.799922	742	0	0.15718	0.42454	0.42483	1.0	278	0	0.15718
Region_200	6	0.57932	0.78895	0.934468	743	3	0.34105	0.033065	0.033002	1.0	19	1	0.34105
Region_924	3	0.58184	0.68817	0.882651	744	1	0.51932	0.2541	0.25313	1.0	157	0	0.51932
Region_907	3	0.58765	0.69096	0.88383	745	1	0.03789	0.59583	0.59532	1.0	402	0	0.03789
Region_371	3	0.58986	0.69203	0.884	746	1	0.45723	0.22621	0.22587	1.0	133	0	0.45723
Region_36	6	0.59279	0.79846	0.942179	747	3	0.0090192	0.26374	0.26299	1.0	167	0	0.0090192
Region_51	3	0.59383	0.69397	0.88528	748	1	0.59944	0.10633	0.10753	1.0	49	0	0.59944
Region_695	3	0.59637	0.69531	0.885287	749	1	1.0924	0.25367	0.25275	1.0	156	0	1.0924
Region_118	3	0.59719	0.69585	0.885287	750	1	0.56784	0.28869	0.28746	1.0	184	0	0.56784
Region_917	7	0.59977	0.81809	0.95583	751	3	0.034652	0.89534	0.89588	1.0	706	0	0.034652
Region_125	9	0.60337	0.84679	0.968932	752	3	0.24622	0.15498	0.15325	1.0	83	0	0.24622
Region_387	3	0.60545	0.69971	0.887807	753	1	0.53796	0.1488	0.14903	1.0	78	0	0.53796
Region_897	2	0.60857	0.62275	0.844646	754	1	-0.10713	0.74252	0.73994	1.0	540	0	-0.10713
Region_67	6	0.61257	0.81255	0.952859	755	3	0.060534	0.24763	0.24676	1.0	152	0	0.060534
Region_517	2	0.61268	0.62576	0.847511	756	1	0.21055	0.35476	0.35323	1.0	227	0	0.21055
Region_238	3	0.61428	0.70413	0.890797	757	1	0.3775	0.54492	0.54371	1.0	371	0	0.3775
Region_288	3	0.61581	0.7049	0.890797	758	1	0.3509	0.60012	0.59972	1.0	407	0	0.3509
Region_910	5	0.61661	0.78484	0.933329	759	2	0.37071	0.25651	0.25668	1.0	162	0	0.37071
Region_833	3	0.62419	0.70884	0.893384	760	1	0.16839	0.55193	0.55043	1.0	375	0	0.16839
Region_189	1	0.62548	0.62757	0.847533	761	0	0.25685	0.37452	0.375	1.0	249	0	0.25685
Region_936	1	0.63397	0.63641	0.854781	762	0	0.2858	0.36603	0.36631	1.0	236	0	0.2858
Region_769	6	0.63701	0.82981	0.96383	763	2	0.45472	0.10356	0.10311	1.0	48	0	0.45472
Region_545	1	0.63701	0.63943	0.857417	764	0	0.29309	0.36299	0.36326	1.0	232	0	0.29309
Region_875	2	0.63725	0.64537	0.859609	765	1	0.32636	0.33104	0.32944	1.0	210	0	0.32636
Region_932	3	0.64229	0.71744	0.90062	766	1	1.2513	0.12423	0.12503	1.0	63	0	1.2513
Region_914	7	0.64602	0.84294	0.968046	767	3	0.15741	0.71554	0.71565	1.0	507	0	0.15741
Region_715	4	0.6531	0.78529	0.933329	768	1	0.15476	0.66	0.65967	1.0	452	0	0.15476
Region_788	1	0.65375	0.65655	0.870478	769	0	0.33511	0.34625	0.34699	1.0	221	0	0.33511
Region_694	5	0.65515	0.80571	0.94719	770	2	0.14436	0.41277	0.41509	1.0	273	0	0.14436
Region_38	3	0.65756	0.7252	0.90519	771	1	0.084822	0.14129	0.14187	1.0	73	0	0.084822
Region_637	3	0.65793	0.72541	0.90519	772	1	0.32328	0.32789	0.32661	1.0	208	0	0.32328
Region_592	2	0.66641	0.67015	0.872268	773	1	0.057405	0.64533	0.64298	1.0	433	0	0.057405
Region_523	3	0.66652	0.72947	0.908472	774	1	0.11732	0.051675	0.051239	1.0	27	0	0.11732
Region_401	2	0.66946	0.67289	0.873742	775	1	0.31373	0.27622	0.27572	1.0	176	0	0.31373
Region_400	12	0.67213	0.90637	0.998381	776	2	0.58442	0.83852	0.83637	1.0	642	0	0.58442
Region_647	3	0.67256	0.73275	0.9085	777	1	0.45477	0.53163	0.53015	1.0	357	0	0.45477
Region_137	1	0.67678	0.67842	0.876095	778	0	0.39768	0.32322	0.3235	1.0	205	0	0.39768
Region_641	3	0.67925	0.7365	0.9085	779	1	0.93115	0.14821	0.14845	1.0	77	0	0.93115
Region_291	3	0.67925	0.7365	0.9085	780	1	0.14795	0.73148	0.7326	1.0	519	0	0.14795
Region_329	3	0.67992	0.73702	0.9085	781	1	0.15002	0.17614	0.17619	1.0	95	0	0.15002
Region_904	6	0.68098	0.85266	0.969303	782	2	0.95218	0.15591	0.15495	1.0	84	0	0.95218
Region_5	6	0.68243	0.85311	0.969303	783	2	0.14881	0.93037	0.93064	1.0	758	0	0.14881
Region_126	2	0.68596	0.68728	0.882651	784	1	0.33522	0.23238	0.23228	1.0	138	0	0.33522
Region_4	3	0.68969	0.74281	0.913034	785	1	0.92322	0.32188	0.32065	1.0	203	0	0.92322
Region_26	3	0.69563	0.7459	0.91445	786	1	0.53945	0.36751	0.36673	1.0	237	0	0.53945
Region_585	3	0.69845	0.7476	0.915348	787	1	0.15311	0.40583	0.4048	1.0	268	0	0.15311
Region_293	1	0.70067	0.70161	0.889023	788	0	0.458	0.29933	0.29999	1.0	188	0	0.458
Region_103	6	0.70341	0.8619	0.972515	789	2	0.23293	0.32021	0.3196	1.0	199	0	0.23293
Region_696	3	0.70593	0.75174	0.916099	790	1	0.40509	0.66137	0.661	1.0	455	0	0.40509
Region_892	3	0.70683	0.75221	0.916099	791	1	0.82599	0.21143	0.21109	1.0	123	0	0.82599
Region_147	3	0.70735	0.75252	0.916099	792	1	0.19605	0.71526	0.71691	1.0	506	0	0.19605
Region_569	2	0.71055	0.70984	0.893452	793	1	0.077346	0.62926	0.62712	1.0	423	0	0.077346
Region_252	3	0.7147	0.7571	0.918645	794	1	0.41467	0.65581	0.65506	1.0	446	0	0.41467
Region_127	3	0.71637	0.75809	0.918665	795	1	0.50928	0.5653	0.56408	1.0	381	0	0.50928
Region_328	8	0.71983	0.89311	0.991615	796	3	0.21178	0.38006	0.37889	1.0	255	0	0.21178
Region_595	1	0.7213	0.72234	0.90519	797	0	0.4695	0.2787	0.27929	1.0	177	0	0.4695
Region_861	8	0.72164	0.89392	0.991615	798	2	0.7548	0.20629	0.20677	1.0	117	0	0.7548
Region_922	3	0.72362	0.76209	0.921865	799	1	0.53794	0.54042	0.53918	1.0	365	0	0.53794
Region_916	2	0.72782	0.72588	0.90519	800	1	0.1153	0.60332	0.60141	1.0	408	0	0.1153
Region_540	3	0.72832	0.76488	0.923339	801	1	0.44563	0.39079	0.38956	1.0	262	0	0.44563
Region_781	3	0.7308	0.76638	0.923347	802	1	1.1897	0.18562	0.18582	1.0	105	0	1.1897
Region_870	3	0.73189	0.76694	0.923347	803	1	0.38855	0.65343	0.65257	1.0	442	0	0.38855
Region_658	6	0.73228	0.87321	0.983667	804	2	0.44711	0.11168	0.11114	1.0	55	0	0.44711
Region_264	2	0.73494	0.73285	0.9085	805	1	0.18697	0.54139	0.53905	1.0	366	0	0.18697
Region_821	5	0.73575	0.85263	0.969303	806	2	0.19284	0.82872	0.82933	1.0	633	0	0.19284
Region_611	1	0.73585	0.73719	0.9085	807	0	0.48444	0.26415	0.26467	1.0	169	0	0.48444
Region_185	3	0.74554	0.7754	0.92961	808	1	0.71972	0.13678	0.1372	1.0	69	0	0.71972
Region_107	12	0.74788	0.93517	1.0	809	4	0.29343	0.27569	0.27565	1.0	175	0	0.29343
Region_63	1	0.75163	0.75306	0.916099	810	0	0.57661	0.24837	0.24839	1.0	153	0	0.57661
Region_56	2	0.75913	0.75635	0.918645	811	0	0.38945	0.30736	0.30613	1.0	193	0	0.38945
Region_675	3	0.76125	0.78565	0.933329	812	1	0.64839	0.23459	0.23397	1.0	140	0	0.64839
Region_909	6	0.77	0.88919	0.991024	813	2	0.12877	0.68003	0.68045	1.0	462	0	0.12877
Region_753	2	0.77391	0.77129	0.926333	814	0	0.95795	0.023158	0.022597	1.0	10	0	0.95795
Region_357	1	0.7753	0.77697	0.92961	815	0	0.56196	0.2247	0.22437	1.0	131	0	0.56196
Region_444	3	0.77713	0.79634	0.940855	816	1	0.571	0.51323	0.51117	1.0	346	0	0.571
Region_176	5	0.78487	0.88332	0.989152	817	2	0.077978	0.32605	0.32792	1.0	207	0	0.077978
Region_92	2	0.79016	0.787	0.933329	818	0	0.22816	0.54398	0.54151	1.0	369	0	0.22816
Region_310	1	0.79116	0.79294	0.938017	819	0	0.64329	0.20884	0.20852	1.0	120	0	0.64329
Region_2	5	0.79856	0.89265	0.991615	820	2	0.23983	0.36111	0.36349	1.0	230	0	0.23983
Region_939	1	0.80697	0.80867	0.949487	821	0	0.71858	0.19303	0.19273	1.0	111	0	0.71858
Region_817	2	0.80736	0.80458	0.947042	822	0	0.38767	0.37979	0.37798	1.0	254	0	0.38767
Region_440	3	0.80742	0.81807	0.95583	823	1	0.14037	0.049996	0.049377	1.0	25	0	0.14037
Region_423	3	0.80755	0.81816	0.95583	824	1	0.049052	0.21009	0.20962	1.0	122	0	0.049052
Region_415	3	0.80891	0.81914	0.95583	825	1	0.13661	0.53568	0.53423	1.0	362	0	0.13661
Region_134	3	0.81911	0.82703	0.96383	826	1	0.21952	0.63696	0.63646	1.0	427	0	0.21952
Region_44	6	0.8199	0.91192	1.0	827	2	0.37038	0.12503	0.12424	1.0	64	0	0.37038
Region_286	4	0.82142	0.86228	0.972515	828	1	0.79029	0.40584	0.40345	1.0	269	0	0.79029
Region_149	3	0.82221	0.82937	0.96383	829	1	0.05057	0.18693	0.18695	1.0	106	0	0.05057
Region_416	3	0.82309	0.83008	0.96383	830	1	1.6645	0.0088648	0.0089745	1.0	5	1	1.6645
Region_339	3	0.82693	0.83355	0.965257	831	1	0.1599	0.74976	0.75078	1.0	543	0	0.1599
Region_296	3	0.82794	0.83437	0.965257	832	1	0.11955	0.32036	0.31919	1.0	200	0	0.11955
Region_913	3	0.83052	0.83647	0.965319	833	1	1.1	0.13927	0.13995	1.0	71	0	1.1
Region_653	3	0.83189	0.83763	0.965475	834	1	1.0039	0.15262	0.15329	1.0	79	0	1.0039
Region_594	1	0.83266	0.83353	0.965257	835	0	0.76022	0.16734	0.16733	1.0	87	0	0.76022
Region_133	3	0.83463	0.83982	0.966817	836	1	0.087559	0.76185	0.76303	1.0	560	0	0.087559
Region_864	13	0.8359	0.96578	1.0	837	3	0.28989	0.85426	0.85209	1.0	660	0	0.28989
Region_779	2	0.83751	0.83598	0.965319	838	0	0.49671	0.30092	0.29961	1.0	189	0	0.49671
Region_150	3	0.83816	0.84285	0.968046	839	1	0.62503	0.11204	0.11308	1.0	56	0	0.62503
Region_216	3	0.84047	0.8448	0.968932	840	1	0.46751	0.17623	0.17626	1.0	96	0	0.46751
Region_268	3	0.84262	0.84667	0.968932	841	1	0.20898	0.054965	0.054664	1.0	28	0	0.20898
Region_587	3	0.84573	0.84922	0.969303	842	1	0.35706	0.43768	0.43687	1.0	287	0	0.35706
Region_605	8	0.84692	0.94885	1.0	843	2	0.49777	0.26143	0.26145	1.0	166	0	0.49777
Region_673	1	0.85195	0.85242	0.969303	844	0	0.88227	0.14805	0.1484	1.0	76	0	0.88227
Region_528	4	0.85359	0.87809	0.98681	845	1	0.62199	0.24273	0.24233	1.0	145	0	0.62199
Region_347	3	0.85446	0.85655	0.971856	846	1	0.46068	0.48072	0.47952	1.0	323	0	0.46068
Region_615	2	0.85517	0.85327	0.969303	847	0	0.40155	0.47825	0.47499	1.0	321	0	0.40155
Region_893	3	0.85612	0.8581	0.972439	848	1	0.23076	0.68147	0.68207	1.0	464	0	0.23076
Region_386	3	0.85891	0.86064	0.972515	849	1	0.50254	0.50912	0.50702	1.0	339	0	0.50254
Region_447	3	0.85967	0.86138	0.972515	850	1	0.15233	0.3023	0.30138	1.0	190	0	0.15233
Region_937	6	0.86587	0.93466	1.0	851	2	0.45921	0.36928	0.3693	1.0	240	0	0.45921
Region_159	3	0.87541	0.87658	0.986282	852	0	0.93111	0.20627	0.20588	1.0	116	0	0.93111
Region_407	6	0.88059	0.94309	1.0	853	1	0.25888	0.88604	0.8864	1.0	694	0	0.25888
Region_344	2	0.88305	0.88178	0.988928	854	0	0.40694	0.46004	0.45732	1.0	303	0	0.40694
Region_246	2	0.88342	0.88207	0.988928	855	0	0.58339	0.28397	0.28369	1.0	179	0	0.58339
Region_639	3	0.88484	0.88612	0.990759	856	0	0.3027	0.5344	0.53288	1.0	360	0	0.3027
Region_304	3	0.88689	0.8879	0.990759	857	0	0.66836	0.13595	0.13626	1.0	67	0	0.66836
Region_47	6	0.88763	0.94715	1.0	858	2	0.093534	0.90738	0.90836	1.0	724	0	0.093534
Region_177	2	0.88818	0.8869	0.990759	859	0	0.69773	0.20206	0.20208	1.0	114	0	0.69773
Region_734	3	0.89158	0.89234	0.991615	860	0	0.29811	0.57517	0.5739	1.0	389	0	0.29811
Region_849	3	0.89497	0.89555	0.99225	861	0	0.32474	0.65462	0.65382	1.0	443	0	0.32474
Region_442	3	0.89619	0.89667	0.992321	862	0	0.85418	0.13993	0.14051	1.0	72	0	0.85418
Region_809	3	0.89821	0.89847	0.992321	863	0	0.45266	0.46635	0.46536	1.0	311	0	0.45266
Region_689	2	0.89988	0.89877	0.992321	864	0	0.92701	0.075908	0.075969	1.0	36	0	0.92701
Region_802	3	0.90535	0.90541	0.998381	865	0	0.59506	0.49319	0.49141	1.0	328	0	0.59506
Region_384	4	0.9059	0.90948	1.0	866	1	0.27143	0.52402	0.52313	1.0	354	0	0.27143
Region_20	9	0.91219	0.97491	1.0	867	2	0.46017	0.02559	0.027082	1.0	15	1	0.46017
Region_866	2	0.91235	0.91166	1.0	868	0	0.56613	0.36974	0.36807	1.0	243	0	0.56613
Region_759	9	0.91887	0.97611	1.0	869	2	0.55845	0.24881	0.24641	1.0	154	0	0.55845
Region_793	3	0.92073	0.92064	1.0	870	0	0.16535	0.79304	0.79444	1.0	595	0	0.16535
Region_3	6	0.92322	0.95592	1.0	871	1	1.1479	0.0043883	0.0052719	1.0	2	1	1.1479
Region_294	11	0.92341	0.98304	1.0	872	3	0.82413	0.11361	0.11356	1.0	57	0	0.82413
Region_510	1	0.92394	0.92468	1.0	873	0	1.1786	0.076061	0.076593	1.0	37	0	1.1786
Region_852	11	0.92631	0.98359	1.0	874	3	0.25141	0.031421	0.034369	1.0	17	1	0.25141
Region_755	6	0.92702	0.95701	1.0	875	1	0.93179	0.181	0.17937	1.0	103	0	0.93179
Region_457	3	0.92817	0.92803	1.0	876	0	0.45007	0.54769	0.54656	1.0	372	0	0.45007
Region_283	8	0.93232	0.97304	1.0	877	1	0.5779	0.60937	0.60903	1.0	413	0	0.5779
Region_11	3	0.93324	0.93291	1.0	878	0	0.52228	0.40592	0.40484	1.0	270	0	0.52228
Region_857	3	0.93431	0.9339	1.0	879	0	0.56293	0.46098	0.46016	1.0	307	0	0.56293
Region_640	2	0.93507	0.93449	1.0	880	0	1.2177	0.024541	0.024152	1.0	14	0	1.2177
Region_813	3	0.93618	0.9358	1.0	881	0	0.64354	0.19193	0.19194	1.0	110	0	0.64354
Region_451	3	0.94153	0.94123	1.0	882	0	0.50467	0.25876	0.25785	1.0	164	0	0.50467
Region_726	2	0.94178	0.94096	1.0	883	0	0.64764	0.40656	0.40449	1.0	271	0	0.64764
Region_789	3	0.94205	0.94175	1.0	884	0	1.3608	0.0059919	0.0059847	1.0	3	1	1.3608
Region_261	1	0.94218	0.94259	1.0	885	0	1.2761	0.057819	0.058149	1.0	30	0	1.2761
Region_380	3	0.94325	0.94297	1.0	886	0	0.44788	0.4704	0.46941	1.0	314	0	0.44788
Region_488	3	0.94515	0.94497	1.0	887	0	0.51429	0.36594	0.36508	1.0	235	0	0.51429
Region_259	3	0.94623	0.94605	1.0	888	0	0.2774	0.26468	0.26398	1.0	170	0	0.2774
Region_434	3	0.9479	0.94776	1.0	889	0	1.0163	0.22519	0.225	1.0	132	0	1.0163
Region_406	6	0.94834	0.96397	1.0	890	1	1.201	0.18078	0.17915	1.0	102	0	1.201
Region_670	6	0.95011	0.96461	1.0	891	1	0.34833	0.51246	0.51316	1.0	344	0	0.34833
Region_402	15	0.95172	0.99355	1.0	892	3	0.61972	0.040393	0.043823	1.0	21	1	0.61972
Region_108	3	0.95265	0.95232	1.0	893	0	0.51395	0.10846	0.10956	1.0	52	0	0.51395
Region_83	6	0.95358	0.96567	1.0	894	1	0.55866	0.60761	0.60788	1.0	410	0	0.55866
Region_146	12	0.95364	0.99075	1.0	895	3	0.55067	0.12001	0.12052	1.0	59	0	0.55067
Region_724	1	0.95399	0.95437	1.0	896	0	1.3699	0.046008	0.046229	1.0	22	0	1.3699
Region_473	3	0.9594	0.95939	1.0	897	0	0.84029	0.35412	0.35305	1.0	226	0	0.84029
Region_120	7	0.95995	0.97806	1.0	898	1	0.62354	0.11162	0.11112	1.0	54	0	0.62354
Region_513	6	0.96088	0.96873	1.0	899	1	0.80418	0.41166	0.41175	1.0	272	0	0.80418
Region_720	6	0.96108	0.96882	1.0	900	1	0.47405	0.12185	0.12116	1.0	62	0	0.47405
Region_160	3	0.96265	0.96239	1.0	901	0	0.86795	0.098358	0.099255	1.0	46	0	0.86795
Region_862	3	0.96344	0.96331	1.0	902	0	0.64396	0.35334	0.35228	1.0	224	0	0.64396
Region_206	3	0.96533	0.96505	1.0	903	0	0.78659	0.30276	0.3019	1.0	192	0	0.78659
Region_289	3	0.96712	0.96684	1.0	904	0	0.46275	0.12543	0.12612	1.0	65	0	0.46275
Region_636	9	0.96762	0.98815	1.0	905	2	0.51518	0.068397	0.068118	1.0	35	1	0.51518
Region_804	3	0.96879	0.9683	1.0	906	0	0.429	0.58063	0.5795	1.0	391	0	0.429
Region_435	6	0.97113	0.97426	1.0	907	1	1.0653	0.17219	0.17064	1.0	91	0	1.0653
Region_586	2	0.97179	0.97112	1.0	908	0	0.8101	0.26396	0.26368	1.0	168	0	0.8101
Region_235	7	0.97179	0.98154	1.0	909	1	0.38744	0.44381	0.44228	1.0	292	0	0.38744
Region_301	3	0.97314	0.97312	1.0	910	0	0.87682	0.006776	0.0067767	1.0	4	1	0.87682
Region_403	3	0.97338	0.97345	1.0	911	0	0.43904	0.36954	0.36845	1.0	242	0	0.43904
Region_105	5	0.97342	0.97324	1.0	912	0	0.24163	0.36202	0.36443	1.0	231	0	0.24163
Region_878	6	0.97366	0.97576	1.0	913	1	0.53503	0.49859	0.49894	1.0	331	0	0.53503
Region_650	3	0.97591	0.9758	1.0	914	0	0.61158	0.5066	0.50443	1.0	336	0	0.61158
Region_895	1	0.9761	0.97623	1.0	915	0	1.6381	0.023895	0.023963	1.0	13	0	1.6381
Region_253	6	0.97656	0.97773	1.0	916	1	0.36299	0.44605	0.44545	1.0	294	0	0.36299
Region_298	2	0.97714	0.97632	1.0	917	0	1.3808	0.01935	0.018934	1.0	8	0	1.3808
Region_867	4	0.97805	0.97853	1.0	918	0	0.94306	0.18898	0.18973	1.0	108	0	0.94306
Region_404	3	0.97858	0.97853	1.0	919	0	1.0766	0.17672	0.17668	1.0	97	0	1.0766
Region_66	5	0.97877	0.9784	1.0	920	0	1.0138	0.10883	0.10807	1.0	53	0	1.0138
Region_827	3	0.97915	0.97917	1.0	921	0	1.1054	0.023598	0.02332	1.0	11	1	1.1054
Region_10	3	0.98015	0.98011	1.0	922	0	0.90419	0.078836	0.07885	1.0	41	0	0.90419
Region_822	6	0.9802	0.98059	1.0	923	1	0.48442	0.17934	0.1777	1.0	99	0	0.48442
Region_114	3	0.98042	0.98029	1.0	924	0	0.68501	0.34417	0.34313	1.0	218	0	0.68501
Region_938	7	0.98045	0.98486	1.0	925	1	0.52489	0.32107	0.32102	1.0	201	0	0.52489
Region_705	2	0.9808	0.98024	1.0	926	0	0.90706	0.24965	0.24937	1.0	155	0	0.90706
Region_589	7	0.98113	0.98513	1.0	927	1	0.93727	0.20794	0.20685	1.0	119	0	0.93727
Region_500	6	0.98294	0.9829	1.0	928	1	0.36257	0.58694	0.5871	1.0	397	0	0.36257
Region_15	6	0.98336	0.98334	1.0	929	1	0.83619	0.27556	0.27496	1.0	174	0	0.83619
Region_721	3	0.98526	0.9853	1.0	930	0	0.58517	0.28712	0.28591	1.0	181	0	0.58517
Region_199	3	0.9872	0.98723	1.0	931	0	0.88407	0.22225	0.22204	1.0	128	0	0.88407
Region_877	3	0.98901	0.98904	1.0	932	0	0.68097	0.27129	0.27031	1.0	172	0	0.68097
Region_348	3	0.98923	0.9893	1.0	933	0	0.6562	0.16871	0.16912	1.0	88	0	0.6562
Region_908	6	0.99222	0.99223	1.0	934	0	0.71357	0.47935	0.47966	1.0	322	0	0.71357
Region_96	6	0.99364	0.99332	1.0	935	0	0.47522	0.047774	0.047902	1.0	24	1	0.47522
Region_178	4	0.9942	0.99448	1.0	936	0	0.55897	0.56836	0.56831	1.0	384	0	0.55897
Region_110	3	0.99477	0.99468	1.0	937	0	1.2093	0.19377	0.19373	1.0	112	0	1.2093
Region_613	8	0.99622	0.99606	1.0	938	0	0.67745	0.023808	0.024092	1.0	12	1	0.67745
Region_692	3	0.99648	0.99647	1.0	939	0	1.3067	0.020042	0.019984	1.0	9	1	1.3067
Region_396	6	0.99686	0.99665	1.0	940	0	0.59836	0.05117	0.051179	1.0	26	1	0.59836
Region_929	26	0.99739	0.99994	1.0	941	5	0.6373	0.44201	0.44323	1.0	290	0	0.6373
Region_139	3	0.99763	0.9976	1.0	942	0	1.5987	0.028047	0.027636	1.0	16	0	1.5987
Region_167	4	0.99867	0.99887	1.0	943	0	1.0617	0.15473	0.15482	1.0	82	0	1.0617
Region_170	6	0.99957	0.99958	1.0	944	0	0.75879	0.24628	0.24545	1.0	150	0	0.75879
